12
03 21 05 15 08
14 10 17 23 04
18 06 22 12 09
24 20 13 07 16
11 25 01 19 02
22 12 15 03 16
11 23 20 14 19
02 17 09 05 07
24 04 10 21 01
06 13 18 25 08
04 14 07 22 02 01 09 17 05 18 19 12 08 21 15 06 10 16 03 24 20 25 13 23 11
03 21 05 15 08
14 10 17 23 04
18 06 22 12 09
24 20 13 07 16
11 25 01 19 02
22 12 15 03 16
11 23 20 14 19
02 17 09 05 07
24 04 10 21 01
06 13 18 25 08
04 14 07 22 02 01 09 17 13 05 18 19 12 08 21 15 06 10 16 03 24 20 25 23 11
03 21 05 15 08
14 10 17 23 04
18 06 22 12 09
24 20 13 07 16
11 25 01 19 02
22 12 15 03 16
11 23 20 14 19
02 17 09 05 07
24 04 10 21 01
06 13 18 25 08
04 14 07 22 02 01 09 17 03 10 05 18 19 12 08 21 15 06 16 24 20 25 13 23 11
23 01 08 07 10
22 14 20 02 24
18 17 16 09 03
05 06 11 21 04
15 13 12 25 19
13 23 04 14 07
22 02 01 11 09
17 18 19 12 08
05 21 15 06 10
16 03 24 20 25
23 01 08 07 10 22 14 20 02 24 18 17 16 09 03 05 06 11 21 04 15 13 12 25 19
23 01 08 07 10
22 14 20 02 24
18 17 16 09 03
05 06 11 21 04
15 13 12 25 19
13 23 04 14 07
22 02 01 11 09
17 18 19 12 08
05 21 15 06 10
16 03 24 20 25
23 22 18 05 15 01 14 17 06 13 08 20 16 11 12 07 02 09 21 25 10 24 03 04 19
23 01 08 07 10
22 14 20 02 24
18 17 16 09 03
05 06 11 21 04
15 13 12 25 19
13 23 04 14 07
22 02 01 11 09
17 18 19 12 08
05 21 15 06 10
16 03 24 20 25
23 14 16 21 19 01 08 07 10 22 20 02 24 18 17 09 03 05 06 11 04 15 13 12 25
06 18 08 09 22
25 14 10 05 02
20 23 04 03 12
19 01 17 24 07
16 13 15 11 21
07 22 03 21 08
23 12 25 18 11
10 19 01 15 20
14 16 06 02 04
09 24 05 13 17
17 13 05 24 09 07 22 03 21 08 23 12 25 18 11 10 19 01 15 20 14 16 06 02 04
06 18 08 09 22
25 14 10 05 02
20 23 04 03 12
19 01 17 24 07
16 13 15 11 21
07 22 03 21 08
23 12 25 18 11
10 19 01 15 20
14 16 06 02 04
09 24 05 13 17
17 04 20 11 08 13 02 15 18 21 05 06 01 25 03 24 16 19 12 22 09 14 10 23 07
06 18 08 09 22
25 14 10 05 02
20 23 04 03 12
19 01 17 24 07
16 13 15 11 21
07 22 03 21 08
23 12 25 18 11
10 19 01 15 20
14 16 06 02 04
09 24 05 13 17
16 09 01 18 08 07 22 03 21 23 12 25 11 10 19 15 20 14 06 02 04 24 05 13 17
11 02 24 01 17
03 23 10 06 21
05 15 20 16 08
22 19 18 07 14
09 25 04 13 12
07 08 14 04 18
01 20 03 15 23
13 17 11 24 05
10 16 22 06 09
21 25 19 12 02
11 05 02 15 24 20 16 08 01 17 03 23 10 06 21 22 19 18 07 14 09 25 04 13 12
11 02 24 01 17
03 23 10 06 21
05 15 20 16 08
22 19 18 07 14
09 25 04 13 12
07 08 14 04 18
01 20 03 15 23
13 17 11 24 05
10 16 22 06 09
21 25 19 12 02
14 18 03 05 11 21 22 19 07 01 13 10 08 20 17 16 25 23 09 02 04 15 24 06 12
11 02 24 01 17
03 23 10 06 21
05 15 20 16 08
22 19 18 07 14
09 25 04 13 12
07 08 14 04 18
01 20 03 15 23
13 17 11 24 05
10 16 22 06 09
21 25 19 12 02
07 20 11 06 24 01 17 02 08 14 04 18 03 15 23 13 05 10 16 22 09 21 25 19 12
