50
3 5 0
1 2 2
2 8 1
2 3
2 7 2
2 3
1 10 5
290033
20 7 3
38821 827129 3571 916394 880117 615685 921364 362643 777145 82534 552434 219425 478359 225019 451949 775359 146570 450327 990906 195851
20 122 121
873186 733765 565603 558807 234242 913279 81989 768169 277152 501 448848 324155 938376 664460 952715 356731 641625 560476 973197 905036
25 177 153
23 23 23 23 23 23 23 23 23 23 23 23 23 23 23 23 23 23 23 23 23 23 23 23 23
125 177 153
7 7 7 7 7 7 7 7 7 7 7 7 7 7 7 7 7 7 7 7 7 7 7 7 7 7 7 7 7 7 7 7 7 7 7 7 7 7 7 7 7 7 7 7 7 7 7 7 7 7 7 7 7 7 7 7 7 7 7 7 7 7 7 7 7 7 7 7 7 7 7 7 7 7 7 7 7 7 7 7 7 7 7 7 7 7 7 7 7 7 7 7 7 7 7 7 7 7 7 7 7 7 7 7 7 7 7 7 7 7 7 7 7 7 7 7 7 7 7 7 7 7 7 7 7
255 10000 9733
1 1 1 1 1 1 1 1 1 1 1 1 1 1 1 1 1 1 1 1 1 1 1 1 1 1 1 1 1 1 1 1 1 1 1 1 1 1 1 1 1 1 1 1 1 1 1 1 1 1 1 1 1 1 1 1 1 1 1 1 1 1 1 1 1 1 1 1 1 1 1 1 1 1 1 1 1 1 1 1 1 1 1 1 1 1 1 1 1 1 1 1 1 1 1 1 1 1 1 1 1 1 1 1 1 1 1 1 1 1 1 1 1 1 1 1 1 1 1 1 1 1 1 1 1 1 1 1 1 1 1 1 1 1 1 1 1 1 1 1 1 1 1 1 1 1 1 1 1 1 1 1 1 1 1 1 1 1 1 1 1 1 1 1 1 1 1 1 1 1 1 1 1 1 1 1 1 1 1 1 1 1 1 1 1 1 1 1 1 1 1 1 1 1 1 1 1 1 1 1 1 1 1 1 1 1 1 1 1 1 1 1 1 1 1 1 1 1 1 1 1 1 1 1 1 1 1 1 1 1 1 1 1 1 1 1 1 1 1 1 1 1 1 1 1 1 1 1 1 1 1 1 1 1 1
500 9733 5717
514 514 514 514 514 514 514 514 514 514 514 514 514 514 514 514 514 514 514 514 514 514 514 514 514 514 514 514 514 514 514 514 514 514 514 514 514 514 514 514 514 514 514 514 514 514 514 514 514 514 514 514 514 514 514 514 514 514 514 514 514 514 514 514 514 514 514 514 514 514 514 514 514 514 514 514 514 514 514 514 514 514 514 514 514 514 514 514 514 514 514 514 514 514 514 514 514 514 514 514 514 514 514 514 514 514 514 514 514 514 514 514 514 514 514 514 514 514 514 514 514 514 514 514 514 514 514 514 514 514 514 514 514 514 514 514 514 514 514 514 514 514 514 514 514 514 514 514 514 514 514 514 514 514 514 514 514 514 514 514 514 514 514 514 514 514 514 514 514 514 514 514 514 514 514 514 514 514 514 514 514 514 514 514 514 514 514 514 514 514 514 514 514 514 514 514 514 514 514 514 514 514 514 514 514 514 514 514 514 514 514 514 514 514 514 514 514 514 514 514 514 514 514 514 514 514 514 514 514 514 514 514 514 514 514 514 514 514 514 514 514 514 514 514 514 514 514 514 514 514 514 514 514 514 514 514 514 514 514 514 514 514 514 514 514 514 514 514 514 514 514 514 514 514 514 514 514 514 514 514 514 514 514 514 514 514 514 514 514 514 514 514 514 514 514 514 514 514 514 514 514 514 514 514 514 514 514 514 514 514 514 514 514 514 514 514 514 514 514 514 514 514 514 514 514 514 514 514 514 514 514 514 514 514 514 514 514 514 514 514 514 514 514 514 514 514 514 514 514 514 514 514 514 514 514 514 514 514 514 514 514 514 514 514 514 514 514 514 514 514 514 514 514 514 514 514 514 514 514 514 514 514 514 514 514 514 514 514 514 514 514 514 514 514 514 514 514 514 514 514 514 514 514 514 514 514 514 514 514 514 514 514 514 514 514 514 514 514 514 514 514 514 514 514 514 514 514 514 514 514 514 514 514 514 514 514 514 514 514 514 514 514 514 514 514 514 514 514 514 514 514 514 514 514 514 514 514 514 514 514 514 514 514 514 514 514 514 514 514 514 514 514 514 514 514 514 514 514 514 514 514 514 514 514 514 514 514 514 514 514 514 514 514 514 514 514 514 514 514 514
500 9733 5717
435 435 436 436 435 436 435 435 435 435 435 435 436 435 435 436 435 435 435 435 435 435 435 435 435 435 435 435 436 435 435 435 435 436 435 435 435 436 435 436 436 436 435 435 436 436 436 435 436 436 435 435 435 436 435 435 435 436 435 436 435 435 435 436 435 436 436 435 435 436 436 435 435 436 435 436 435 435 435 435 435 435 436 435 435 435 435 435 436 436 436 435 435 435 436 435 436 435 435 436 436 436 435 436 435 435 435 436 436 435 436 435 435 436 435 435 436 435 436 435 435 435 435 435 435 435 435 435 435 435 436 435 435 435 436 436 435 436 435 436 435 435 435 436 435 435 436 435 435 435 436 436 436 435 435 436 435 435 436 436 436 436 436 435 436 435 435 435 435 436 435 435 435 435 435 435 436 436 435 435 436 435 436 435 436 435 436 436 435 435 435 436 435 436 435 435 435 436 436 435 435 436 435 435 435 436 435 435 436 435 435 435 435 436 435 435 435 435 435 435 436 436 436 436 435 435 436 436 435 435 435 435 435 435 435 435 435 436 436 435 435 436 435 435 435 435 435 435 436 435 436 435 435 435 435 436 435 435 436 435 436 435 435 435 436 436 435 435 436 436 436 436 436 435 435 436 435 435 435 436 436 436 435 435 435 435 435 435 436 435 435 436 435 436 436 436 435 435 436 435 435 435 436 435 435 435 435 435 435 435 436 436 435 435 435 435 435 436 435 436 436 435 436 435 435 436 435 435 436 435 435 436 436 436 435 435 436 435 435 435 435 435 436 435 436 435 435 435 435 436 435 435 435 436 435 435 435 435 436 435 435 435 436 435 435 436 436 436 435 436 435 435 435 436 436 436 436 435 435 435 436 435 435 435 435 436 435 436 435 435 435 435 435 436 436 435 435 435 435 435 436 435 436 436 435 435 435 435 435 435 436 435 435 435 436 435 436 436 435 436 436 435 435 435 435 435 435 436 436 436 435 435 436 436 436 436 435 435 436 436 435 435 436 436 435 435 436 435 435 435 436 435 435 435 436 435 436 435 435 435 435 436 436 435 436 435 435 436 436 436 435 436 436 435 435 436 435 436 435 436 435 436 436 435 435 435 435 435 435 435 435 436 435 435 436 436 435 435 435 435
514 9999 9993
3 3 4 3 3 3 3 3 3 3 4 3 3 3 3 3 4 3 3 3 3 4 3 3 4 3 3 3 3 3 3 3 3 3 3 3 3 3 4 4 3 3 3 4 3 3 3 4 3 4 4 4 3 3 4 3 3 4 3 3 3 3 3 3 4 4 3 3 3 4 3 3 3 3 4 3 3 3 3 3 3 4 4 3 3 3 3 3 3 3 3 3 4 3 3 4 3 3 4 3 4 3 4 3 3 3 3 4 3 4 3 3 4 3 3 3 3 4 4 3 3 3 3 3 4 3 3 4 4 4 3 3 4 3 3 4 4 3 3 4 3 3 3 4 3 3 4 3 4 3 4 4 4 3 4 3 3 4 4 3 3 3 4 3 3 3 4 4 3 3 3 3 3 3 3 3 3 4 3 4 3 3 3 3 3 3 3 4 3 3 4 3 4 4 3 4 4 3 3 3 3 3 4 3 3 4 3 4 3 4 4 3 4 3 3 4 3 4 3 3 3 4 4 3 4 3 4 3 4 3 3 4 3 3 4 3 3 3 3 3 3 3 3 3 3 3 3 4 3 4 3 3 3 4 4 4 4 3 4 4 3 4 3 3 3 4 4 3 4 3 3 4 4 4 3 3 4 3 3 3 3 4 3 3 4 3 3 3 4 4 3 3 3 3 4 4 4 3 3 3 3 4 3 4 3 3 3 3 3 4 3 3 3 3 4 4 3 3 3 4 3 3 3 4 3 3 3 4 3 3 3 4 3 4 3 3 3 4 4 4 4 3 4 3 3 4 4 3 3 3 4 3 3 4 3 3 4 3 4 4 3 4 4 4 3 3 3 4 3 3 3 3 3 4 3 3 3 3 3 3 3 3 3 3 4 4 3 3 3 3 3 4 3 3 4 3 4 3 4 3 4 3 3 3 3 4 3 3 3 3 3 3 4 4 3 3 3 3 3 3 3 4 3 4 3 3 3 3 3 3 4 3 4 4 4 3 4 3 3 3 3 3 4 3 3 3 3 3 3 4 4 4 3 3 3 3 4 4 4 3 3 3 4 4 4 3 3 3 3 3 4 3 4 4 3 3 3 3 4 3 4 3 3 3 3 4 3 4 4 3 3 3 3 3 3 4 3 3 4 4 3 4 3 3 3 3 4 4 4 3 4 3 3 3
514 9999 9989
50216 50219 50216 50216 50219 50216 50216 50216 50216 50216 50219 50219 50216 50216 50219 50219 50219 50216 50219 50216 50219 50216 50219 50219 50219 50216 50219 50216 50216 50216 50216 50219 50216 50216 50216 50216 50216 50216 50216 50219 50219 50219 50216 50219 50216 50219 50216 50216 50216 50216 50216 50216 50216 50216 50216 50219 50216 50219 50216 50219 50216 50216 50216 50216 50219 50216 50219 50219 50216 50219 50216 50216 50219 50216 50216 50216 50216 50219 50216 50216 50219 50219 50216 50216 50216 50216 50216 50219 50219 50216 50219 50216 50216 50219 50219 50216 50216 50216 50216 50216 50216 50216 50219 50216 50216 50219 50216 50216 50219 50216 50216 50216 50219 50216 50216 50216 50216 50216 50216 50219 50216 50219 50216 50219 50216 50216 50216 50216 50216 50216 50216 50216 50216 50216 50216 50216 50216 50219 50219 50216 50219 50216 50219 50216 50216 50216 50216 50216 50216 50219 50216 50216 50216 50216 50219 50219 50219 50216 50216 50219 50219 50219 50216 50216 50216 50219 50219 50216 50216 50216 50219 50219 50216 50219 50216 50216 50216 50219 50216 50216 50216 50219 50216 50216 50216 50216 50216 50216 50216 50216 50216 50216 50219 50216 50216 50216 50216 50219 50216 50219 50219 50216 50216 50216 50216 50219 50216 50219 50216 50219 50219 50216 50216 50216 50216 50216 50216 50216 50216 50219 50216 50219 50219 50216 50216 50216 50219 50216 50219 50216 50216 50216 50216 50216 50216 50216 50216 50219 50216 50216 50216 50216 50216 50219 50216 50219 50216 50216 50216 50216 50219 50219 50216 50216 50216 50216 50219 50219 50216 50216 50219 50219 50216 50219 50216 50216 50216 50216 50219 50219 50216 50219 50216 50216 50216 50216 50216 50216 50216 50219 50216 50216 50216 50219 50219 50219 50216 50216 50216 50216 50216 50216 50219 50219 50216 50216 50219 50216 50216 50216 50219 50216 50216 50219 50219 50219 50216 50216 50219 50219 50219 50219 50216 50219 50219 50216 50216 50216 50219 50216 50219 50219 50219 50216 50216 50219 50216 50216 50216 50219 50219 50216 50216 50216 50216 50216 50219 50216 50219 50219 50219 50216 50216 50216 50216 50216 50219 50216 50216 50216 50219 50216 50216 50219 50216 50219 50216 50216 50216 50216 50216 50216 50216 50219 50219 50216 50216 50216 50216 50216 50219 50216 50216 50216 50216 50216 50219 50216 50219 50216 50219 50219 50216 50216 50219 50219 50216 50219 50219 50216 50216 50216 50216 50216 50219 50216 50216 50216 50219 50216 50216 50219 50219 50216 50216 50216 50216 50219 50219 50216 50216 50216 50216 50219 50216 50219 50216 50219 50216 50216 50216 50219 50216 50219 50219 50216 50216 50219 50216 50216 50216 50216 50216 50216 50219 50219 50216 50219 50216 50219 50216 50216 50216 50216 50219 50219 50216 50216 50216 50216 50216 50219 50216 50216 50216 50216 50216 50216 50216 50219 50216 50216 50219 50216 50219 50216 50216 50219 50216 50219 50216 50219 50219 50219 50216 50216 50219 50219 50216 50216 50216 50216 50219 50216 50216 50216 50219 50219 50216 50216 50216 50219 50219 50216 50219 50219 50216 50216 50219 50216 50216 50216 50219 50219 50216 50216 50216 50219 50216 50219 50219 50216 50219 50216
513 9999 0
99999 100004 99999 99999 99999 99999 99999 99999 100004 99999 100004 99999 100004 99999 99999 99999 99999 99999 99999 99999 100004 99999 100004 99999 100004 100004 99999 99999 99999 99999 100004 99999 100004 100004 99999 100004 100004 100004 100004 99999 99999 99999 99999 99999 99999 99999 100004 99999 100004 99999 99999 99999 99999 99999 99999 99999 100004 99999 99999 100004 99999 100004 100004 99999 100004 99999 100004 100004 100004 100004 99999 100004 99999 99999 99999 100004 99999 99999 99999 99999 100004 99999 99999 99999 99999 99999 100004 99999 99999 99999 99999 100004 100004 99999 99999 100004 100004 99999 100004 99999 99999 99999 100004 100004 99999 99999 99999 99999 100004 99999 100004 99999 99999 99999 99999 99999 99999 99999 100004 99999 99999 100004 99999 99999 100004 99999 99999 100004 99999 99999 99999 99999 99999 99999 100004 99999 99999 99999 100004 99999 99999 99999 100004 99999 100004 100004 100004 99999 100004 99999 99999 99999 99999 99999 100004 99999 99999 99999 99999 99999 100004 99999 100004 99999 99999 100004 100004 100004 99999 99999 100004 99999 99999 100004 99999 99999 99999 99999 99999 100004 99999 99999 99999 100004 99999 100004 99999 99999 100004 99999 99999 99999 99999 100004 100004 100004 99999 99999 100004 100004 100004 99999 100004 99999 99999 100004 99999 99999 100004 99999 99999 99999 99999 99999 99999 99999 99999 100004 100004 100004 99999 99999 99999 99999 100004 99999 99999 100004 99999 99999 99999 99999 99999 100004 99999 99999 99999 99999 99999 99999 99999 99999 99999 99999 100004 99999 99999 100004 99999 99999 99999 100004 100004 99999 100004 99999 99999 100004 100004 99999 99999 99999 99999 100004 100004 99999 99999 100004 100004 99999 99999 99999 99999 99999 99999 99999 100004 100004 99999 99999 99999 100004 99999 100004 99999 99999 100004 99999 100004 99999 99999 100004 100004 99999 99999 99999 99999 99999 100004 99999 99999 99999 100004 99999 99999 99999 99999 100004 99999 99999 99999 99999 99999 99999 99999 99999 99999 99999 99999 99999 100004 100004 99999 100004 99999 99999 100004 99999 100004 99999 99999 100004 100004 100004 99999 99999 100004 99999 99999 99999 99999 100004 100004 100004 99999 99999 100004 100004 99999 99999 99999 99999 99999 99999 100004 100004 99999 100004 99999 100004 100004 100004 99999 99999 99999 100004 100004 99999 99999 100004 99999 100004 99999 99999 100004 100004 99999 99999 100004 100004 100004 99999 100004 99999 99999 99999 99999 99999 100004 99999 100004 99999 99999 100004 99999 100004 100004 99999 99999 99999 99999 100004 100004 99999 99999 99999 100004 99999 99999 99999 99999 99999 100004 99999 99999 100004 99999 100004 100004 100004 99999 100004 99999 100004 100004 100004 99999 99999 99999 99999 99999 99999 99999 99999 100004 99999 100004 99999 100004 99999 100004 100004 100004 99999 99999 99999 100004 99999 99999 99999 99999 99999 99999 99999 99999 99999 99999 100004 100004 99999 100004 100004 99999 99999 99999 99999 100004 99999 100004 99999 99999 99999 99999 100004 99999 99999 99999 100004 99999 99999 99999 100004 100004 99999 99999 100004 99999 99999 100004 99999 99999 100004 100004 99999 99999 100004 99999 99999 99999 99999 99999 100004 100004 99999 99999 99999 99999 99999 99999 99999 100004 99999 99999
514 29 0
1000000 1000000 1000000 1000000 1000000 1000000 1000000 1000000 1000000 1000000 1000000 1000000 1000000 1000000 1000000 1000000 1000000 1000000 1000000 1000000 1000000 1000000 1000000 1000000 1000000 1000000 1000000 1000000 1000000 1000000 1000000 1000000 1000000 1000000 1000000 1000000 1000000 1000000 1000000 1000000 1000000 1000000 1000000 1000000 1000000 1000000 1000000 1000000 1000000 1000000 1000000 1000000 1000000 1000000 1000000 1000000 1000000 1000000 1000000 1000000 1000000 1000000 1000000 1000000 1000000 1000000 1000000 1000000 1000000 1000000 1000000 1000000 1000000 1000000 1000000 1000000 1000000 1000000 1000000 1000000 1000000 1000000 1000000 1000000 1000000 1000000 1000000 1000000 1000000 1000000 1000000 1000000 1000000 1000000 1000000 1000000 1000000 1000000 1000000 1000000 1000000 1000000 1000000 1000000 1000000 1000000 1000000 1000000 1000000 1000000 1000000 1000000 1000000 1000000 1000000 1000000 1000000 1000000 1000000 1000000 1000000 1000000 1000000 1000000 1000000 1000000 1000000 1000000 1000000 1000000 1000000 1000000 1000000 1000000 1000000 1000000 1000000 1000000 1000000 1000000 1000000 1000000 1000000 1000000 1000000 1000000 1000000 1000000 1000000 1000000 1000000 1000000 1000000 1000000 1000000 1000000 1000000 1000000 1000000 1000000 1000000 1000000 1000000 1000000 1000000 1000000 1000000 1000000 1000000 1000000 1000000 1000000 1000000 1000000 1000000 1000000 1000000 1000000 1000000 1000000 1000000 1000000 1000000 1000000 1000000 1000000 1000000 1000000 1000000 1000000 1000000 1000000 1000000 1000000 1000000 1000000 1000000 1000000 1000000 1000000 1000000 1000000 1000000 1000000 1000000 1000000 1000000 1000000 1000000 1000000 1000000 1000000 1000000 1000000 1000000 1000000 1000000 1000000 1000000 1000000 1000000 1000000 1000000 1000000 1000000 1000000 1000000 1000000 1000000 1000000 1000000 1000000 1000000 1000000 1000000 1000000 1000000 1000000 1000000 1000000 1000000 1000000 1000000 1000000 1000000 1000000 1000000 1000000 1000000 1000000 1000000 1000000 1000000 1000000 1000000 1000000 1000000 1000000 1000000 1000000 1000000 1000000 1000000 1000000 1000000 1000000 1000000 1000000 1000000 1000000 1000000 1000000 1000000 1000000 1000000 1000000 1000000 1000000 1000000 1000000 1000000 1000000 1000000 1000000 1000000 1000000 1000000 1000000 1000000 1000000 1000000 1000000 1000000 1000000 1000000 1000000 1000000 1000000 1000000 1000000 1000000 1000000 1000000 1000000 1000000 1000000 1000000 1000000 1000000 1000000 1000000 1000000 1000000 1000000 1000000 1000000 1000000 1000000 1000000 1000000 1000000 1000000 1000000 1000000 1000000 1000000 1000000 1000000 1000000 1000000 1000000 1000000 1000000 1000000 1000000 1000000 1000000 1000000 1000000 1000000 1000000 1000000 1000000 1000000 1000000 1000000 1000000 1000000 1000000 1000000 1000000 1000000 1000000 1000000 1000000 1000000 1000000 1000000 1000000 1000000 1000000 1000000 1000000 1000000 1000000 1000000 1000000 1000000 1000000 1000000 1000000 1000000 1000000 1000000 1000000 1000000 1000000 1000000 1000000 1000000 1000000 1000000 1000000 1000000 1000000 1000000 1000000 1000000 1000000 1000000 1000000 1000000 1000000 1000000 1000000 1000000 1000000 1000000 1000000 1000000 1000000 1000000 1000000 1000000 1000000 1000000 1000000 1000000 1000000 1000000 1000000 1000000 1000000 1000000 1000000 1000000 1000000 1000000 1000000 1000000 1000000 1000000 1000000 1000000 1000000 1000000 1000000 1000000 1000000 1000000 1000000 1000000 1000000 1000000 1000000 1000000 1000000 1000000 1000000 1000000 1000000 1000000 1000000 1000000 1000000 1000000 1000000 1000000 1000000 1000000 1000000 1000000 1000000 1000000 1000000 1000000 1000000 1000000 1000000 1000000 1000000 1000000 1000000 1000000 1000000 1000000 1000000 1000000 1000000 1000000 1000000 1000000 1000000 1000000 1000000 1000000 1000000 1000000 1000000 1000000 1000000 1000000 1000000 1000000 1000000 1000000 1000000 1000000 1000000 1000000 1000000 1000000 1000000 1000000 1000000 1000000 1000000 1000000 1000000 1000000 1000000 1000000 1000000 1000000 1000000 1000000 1000000 1000000 1000000 1000000 1000000 1000000 1000000 1000000
1 1 0
81
100 1 0
34 44 62 64 39 51 73 4 64 57 19 19 44 34 93 77 14 96 47 97 39 91 68 94 77 47 61 2 10 89 10 75 93 66 96 44 88 36 29 80 72 42 12 20 1 53 86 76 88 14 89 31 14 8 73 28 52 96 78 61 93 80 40 83 5 83 95 16 14 56 51 52 34 43 21 77 59 3 96 15 95 50 53 92 36 4 92 93 24 52 56 31 10 78 11 91 27 35 72 59
514 1 0
26 24 43 67 65 83 40 96 58 80 24 84 59 2 18 24 90 8 28 93 57 52 44 92 91 43 23 38 26 59 9 65 95 87 99 49 77 3 88 47 86 65 37 93 8 73 37 84 30 46 17 1 76 19 49 81 70 47 96 81 6 26 96 62 25 77 13 18 19 61 93 21 56 97 51 85 35 32 12 91 34 36 99 84 100 93 11 77 54 47 67 39 67 16 21 27 49 15 36 23 69 67 16 83 74 96 66 77 79 45 61 61 41 1 7 90 29 7 70 56 40 74 23 4 38 37 42 55 82 79 44 6 85 44 72 79 3 39 94 87 60 2 16 3 64 29 83 79 64 20 58 34 39 96 28 72 62 21 81 90 28 83 41 37 6 25 29 23 4 21 76 49 67 38 19 84 53 53 2 68 4 68 12 44 54 25 15 23 35 21 53 60 11 98 68 48 53 76 75 11 58 30 19 66 10 58 28 4 74 80 61 24 81 19 7 100 100 50 94 74 49 80 90 90 19 77 88 53 32 7 7 45 98 10 51 94 71 68 42 63 81 14 61 79 51 65 83 80 38 18 67 88 57 54 13 3 29 19 21 86 97 97 80 75 83 89 37 30 21 50 17 5 10 79 19 81 23 11 81 24 22 69 77 93 86 64 97 83 16 92 20 82 7 67 14 52 98 12 96 45 89 63 85 87 47 100 2 67 23 56 7 70 63 63 21 66 92 81 30 74 24 44 35 49 47 63 41 20 1 18 36 59 30 4 71 44 58 16 39 12 13 96 55 12 53 45 65 29 87 53 28 61 90 51 68 72 67 39 50 87 2 31 17 48 40 56 30 84 34 71 8 44 65 72 5 65 72 38 99 16 4 68 72 99 4 30 22 33 89 98 96 42 92 68 63 97 87 14 70 76 68 77 39 36 29 2 91 29 5 30 90 14 1 87 84 56 72 40 18 62 8 100 19 8 23 52 43 81 31 1 83 74 58 54 19 42 95 24 67 69 51 1 15 92 100 76 38 76 2 65 67 43 21 62 19 5 4 31 48 84 57 74 46 92 62 3 68 56 38 14 84 72 14 16 36 89 61 5 42 52 28 37 29 62 70 91 41 73 70 41 3 38 20 19 82 62 39 11 7 17 98 30 50 30 11 54 55 88 58 22 38 39 44 73
50 10000 9991
318412 376245 857117 907179 380504 434161 791829 839442 506650 554784 984156 210643 156099 52850 616814 656375 93431 578094 994168 256734 434382 896107 494108 69947 925651 477528 663729 207061 627080 398837 65 681992 85984 186455 583818 409602 106372 735272 889597 954183 948943 247716 797698 3886 515089 333790 131185 173665 695632 37369
80 10000 0
959195 792225 223874 256624 90111 607359 82709 660878 331029 975908 125031 38326 75911 49482 535182 336732 648243 473473 343889 65546 402347 106923 980845 812957 665652 947712 167697 91717 771146 644555 815970 943368 377755 29675 654712 940607 524487 332691 510431 5848 304039 734922 341655 439123 385347 899756 220757 504005 745626 519719 848832 477208 255197 675838 686260 325512 619764 119370 235010 649831 765496 816500 161902 609306 646904 542716 184495 960346 878965 973430 994547 63861 250789 521351 907225 335306 150003 809260 650293 121425
200 5141 0
524029 372980 424144 200784 6229 766529 520037 489510 706178 356235 790948 603973 779516 94876 201011 944752 501874 857813 27048 924417 766023 140392 335248 884389 661073 34332 790188 381022 27929 917964 669486 865920 613151 196008 825601 772148 195219 691635 758718 863608 534620 735555 505784 117469 173076 710788 673521 37512 696202 483061 90850 427058 492799 720937 351031 826216 621034 376648 169936 277644 691573 60491 462209 170642 595517 940548 565203 229123 732821 523988 82561 410109 216772 545586 711612 851697 29506 520427 981480 989796 932351 235868 106077 109615 89885 133242 391206 262527 653233 181899 207557 937494 508037 409578 132333 646983 522841 158599 365959 140350 966173 608996 350062 945846 653305 154521 13170 806145 192325 431185 930649 598467 574609 140747 46745 693431 122591 264666 499743 162857 618340 327461 533324 578298 248075 767080 896498 793632 621170 285553 321755 187171 355050 310435 208707 174945 890363 785079 742553 740491 843166 495862 955842 871398 972865 465920 61142 434570 494407 758793 476769 191334 297157 672343 439395 596027 213254 756613 407761 221980 942216 742338 864658 487412 213820 424594 578 721600 668746 870988 602802 654225 952651 748955 797285 957963 975054 559613 672405 537961 930516 244807 108077 383031 742995 159455 424972 499350 141558 20097 558984 107003 810331 611771 121321 529712 485908 249712 147754 449810
200 10000 991
969063 893144 827707 532434 477006 694143 115202 931572 931064 591810 61589 419539 592582 690005 292097 78362 736654 131455 73159 618700 367324 890204 745049 383806 146156 765658 265634 399128 969265 229501 734139 241944 48465 994332 411254 181966 677798 980578 457175 781728 139647 718029 137174 575240 722205 592498 40031 312401 396983 916535 981458 237342 952246 750679 666180 227364 564986 479458 358715 744235 640083 563898 439990 802128 211336 364503 136419 489605 544020 853764 192486 352464 401572 141024 436697 744712 739226 534302 926598 749276 472013 279365 343727 976651 648774 516081 909895 281837 503877 981456 123574 264744 70906 213030 607385 881660 776397 728329 91520 585912 13526 122725 417838 764354 179429 758138 61276 907476 819708 529881 221175 358521 789648 966251 48413 54356 711244 922730 176420 238553 94477 997990 395923 834642 205159 409601 592870 282971 437278 308531 190607 841318 366254 807558 535280 185144 692036 964763 355809 963114 449027 288356 305840 546090 905216 709096 63964 866423 281350 983490 893402 225320 741075 949986 607824 862694 615385 564555 287709 564717 512701 215123 812943 320847 281883 557414 26858 378929 111041 400067 614056 407501 577839 147966 482739 572462 613918 512380 246061 888758 97078 725626 728297 289947 349910 629318 885935 288422 503184 943364 822972 849075 372586 670827 483328 234996 232990 810438 552798 578990
200 14 2
204442 557747 922735 205754 818625 334183 261055 618181 278377 140776 145039 291920 652635 289105 235857 396401 99862 456914 629551 164113 150156 440621 831749 793004 466723 658490 162978 390612 30325 183012 918859 742061 594705 11434 641144 370162 478520 119711 8469 136367 370081 373355 34690 777222 558901 250375 214611 399851 57043 933700 707153 752999 757901 289029 445111 776920 550314 851713 118454 481839 789986 695234 334449 843248 340773 447464 823234 283894 461012 279207 41523 274797 960710 200197 465350 740630 117445 782173 186542 846151 949454 771550 808979 431080 255444 997836 263378 199543 622334 651454 278203 573701 613668 479839 957841 872055 614294 279598 795533 24773 716694 667262 371419 293950 169177 367606 776348 399874 258889 686353 917410 266759 101446 729567 737975 814165 938784 476035 483159 474058 114271 796787 716145 294806 584700 200443 63978 94528 634085 226939 870170 685023 890876 927460 863820 407138 518040 640254 677890 183689 415875 135653 769328 658410 531963 937736 249916 569197 736946 134569 315524 159120 574221 496031 295192 775715 546600 22551 393084 951053 346385 88527 471975 567877 741512 656217 788103 34714 544262 764446 833018 535212 2675 255640 184342 392624 790765 511639 180515 377520 818760 46270 346331 507977 757385 873603 896625 903211 422826 933490 314439 191260 228186 907242 265654 605686 463033 853598 268170 324452
249 10000 9997
55 74 15 60 39 35 47 31 58 59 16 85 73 60 8 2 38 18 68 78 71 85 67 59 26 71 4 1 27 77 84 58 90 61 87 35 83 5 40 29 50 17 86 71 18 75 42 74 44 10 38 80 37 64 86 74 86 2 93 2 28 70 80 96 10 55 82 46 16 77 35 75 22 17 89 51 96 69 22 95 20 82 46 3 18 26 91 4 73 44 88 60 22 98 73 15 44 17 74 88 7 78 44 19 65 15 37 3 36 97 40 83 16 51 46 72 30 91 93 62 71 12 40 93 10 24 67 83 76 66 1 75 51 6 62 90 19 77 52 81 60 44 76 95 47 65 58 31 100 100 25 28 33 30 39 51 32 36 22 76 87 30 33 57 59 59 2 92 50 3 67 29 68 64 4 3 75 66 57 80 94 21 53 18 95 6 63 4 29 3 41 87 81 80 12 72 1 17 80 39 48 39 28 66 42 46 50 19 39 75 90 27 49 71 2 9 17 6 97 77 1 88 9 60 63 71 79 44 44 71 13 96 72 62 12 6 51 44 61 54 99 35 6 63 50 45 20 50 58
350 10000 9999
999988 999918 999912 999929 999977 999937 999994 999905 999939 999926 999970 999925 999974 999938 999978 999974 999939 999969 999906 999914 999904 999954 999944 999902 999901 999930 1000000 999906 999996 999948 999959 999934 1000000 999960 999934 999997 999915 999990 999930 999984 999954 999957 999947 999917 999902 999927 999983 999991 999959 999950 999942 999923 999903 999903 999919 999990 999925 999981 999927 999903 999976 999996 999955 999920 999984 999936 999932 999959 999946 999989 999919 999921 999967 999960 999985 999916 999943 999983 999901 999951 999972 999946 999960 999974 999958 999938 999934 999985 999958 999902 999940 999944 999986 999979 999983 999926 999997 999983 999996 999952 999946 999992 999936 999997 999984 999969 999967 999978 999965 999937 999976 999909 999921 999933 999973 999949 999950 999996 999994 999930 999968 999919 999985 999911 999928 999924 999980 999978 999999 999973 999976 999924 999914 999953 999983 999952 999986 999976 999951 999983 999971 999986 999952 999975 999939 999918 999936 999974 999951 999997 999983 999986 999938 999930 999946 999937 999979 999909 999974 999948 999994 999950 999929 999994 999907 999954 999958 999905 999901 999939 999959 999986 999975 999990 999940 999919 999994 999966 999903 999994 999904 999936 999948 999941 999997 999956 999973 999973 999923 999916 999913 999918 999905 999958 999995 999940 999945 999924 999977 999917 999924 999988 1000000 999980 999907 999920 999981 999978 999922 999993 999975 999948 999946 999902 999982 999922 999937 999940 999980 999969 999963 999918 999908 999966 999913 999996 999909 999912 999960 999954 999958 999972 999916 999952 999958 999997 999944 999934 999923 999947 999918 999939 999932 999986 999901 999995 999965 999959 999994 999931 999944 999927 999976 999971 999972 999925 999978 999917 999944 999995 999987 999914 999951 999958 999933 999915 999984 999948 999925 999946 999905 999960 999919 999955 999950 999930 999961 999971 999917 999970 999951 999906 999957 999928 999990 999994 999985 999995 999979 999929 999936 999956 999979 999946 999917 999906 999967 999956 999947 999990 999927 999980 999916 999963 999901 999970 999956 999949 999962 999918 999941 999919 999901 999930 999954 999931 999997 999968 999927 999967 999930 999967 999937 999929 999928 999919 999940 999961 999949 999960 999983 999915 999938 999942 1000000 999973 999920 999936 999971 999907 999903 999979 999998 999912 999996 999914 999969 999954 999940 999949
77 131 19
365812 715963 960976 344960 81647 302725 714439 373933 968761 701866 201004 591490 28341 113810 470331 775827 377176 144988 738946 573160 624938 421466 429732 119742 674377 990034 544153 123589 767589 600894 989421 864672 438853 294221 455869 171112 230080 479072 929661 252266 767429 963533 275892 667748 756564 321375 961662 534604 212034 779925 701450 136649 187065 321375 558233 190007 28470 723364 835973 892008 484618 718526 210232 794334 47513 769724 445680 422674 828061 861983 392322 240879 312996 921886 630292 517720 675918
514 5141 0
336162 844257 574814 80080 335178 624761 228043 240436 922345 733182 409690 809687 279171 379560 606588 260649 916884 418690 696468 68592 779400 456875 477308 615302 420484 713238 139903 138582 550300 188746 658972 342243 365402 290851 742153 10753 924094 995343 537582 771802 829688 590994 88166 834858 881839 26754 872065 517188 363198 747532 602245 397259 109554 255725 661544 54905 945294 263417 26071 893916 807815 472152 398066 813395 274183 103300 253262 84693 969262 506765 868210 109931 245005 946261 454811 808114 253801 807572 278712 624666 398974 151316 688302 619305 753593 77750 803925 304632 467005 301100 248697 112052 85919 761533 510746 936159 204202 196164 212012 331341 424156 485617 942936 532520 482662 951751 302585 288108 717744 348444 529568 615339 609555 246428 243984 48010 559453 853063 681795 376770 583697 291630 335332 635424 310821 545017 110930 735622 151618 629476 835043 831336 289351 43517 630239 528271 711493 291048 278976 237145 737924 421212 374841 765239 401981 311140 380396 109294 102431 977054 189234 236439 100555 817023 602520 738911 455959 103629 232540 476680 483535 317795 742644 290406 391151 892401 329415 182178 536810 731577 791601 537594 215014 70355 259331 557503 845181 187242 870529 858198 521406 314301 878179 346744 357482 924511 352405 814066 898423 667320 858423 57253 646993 95745 569501 80135 279316 631435 167120 917408 934803 215097 197003 537102 551637 940610 707839 911682 764306 87472 149200 204289 842554 874915 609941 930980 159598 32271 934300 168536 386181 193402 571683 742238 234504 103295 292384 4556 358135 874253 575419 433674 670658 152552 611854 634390 99344 301863 230700 925568 261052 693749 313111 169839 430163 683345 645512 710491 330455 736718 908524 95569 263551 784659 195233 622258 758645 433243 29628 496819 533847 187254 615430 346782 396854 325831 683643 17232 453402 249732 512586 293306 484283 862329 182424 697184 85002 266054 620733 101213 482534 296092 300677 33885 53095 365635 763056 187617 70103 741975 659698 750270 759860 151303 751988 65502 817007 371285 496273 727870 772720 312280 256538 47151 277520 922557 337426 841365 495069 262210 345779 406379 632026 724921 703847 887484 873724 264587 65296 45291 357742 798579 915585 714413 327758 431102 595394 754762 34414 587154 988176 761375 587028 810532 85594 172191 982266 406976 372869 511949 362830 809029 390954 492803 358643 248678 434579 869679 182463 889642 394113 525713 505019 99501 93865 709694 998310 316573 352242 499616 879794 577086 759672 450996 411717 887270 571724 151562 732985 546626 901810 214792 150877 62031 664738 438311 776882 271138 795016 691765 614574 601825 314244 944914 766333 381063 993066 234803 354043 632291 567298 305122 845755 122905 650890 693499 518339 248800 821615 519472 63885 521475 519000 408647 852616 449377 606363 560535 175509 661293 359878 308878 692619 358446 634199 535022 926836 590592 135172 966667 315597 90193 672628 739919 697481 151972 585860 338486 807566 779730 763716 500882 367607 497092 804727 148552 897873 384826 415254 261009 119838 48327 173133 948731 535509 196755 402364 903013 240928 562712 285944 272902 240092 932965 794888 292711 669341 864222 662888 348260 841959 284666 181001 306287 760246 395204 644687 85837 247287 554714 596178 82839 673228 141361 809502 951738 567501 783119 103539 379320 333889 146447 32901 605029 146473 97953 366140 790314 301110 510727 515062 23301 813133 615450 710912 967943 52554 446915 360993 533781 105274 307266 799439 587432 950176 729450 603896 902093 489393 929378 367994 538150 201880 758310
514 10000 991
559915 621606 809907 536900 513042 979609 310804 549600 48044 358682 800000 543921 685608 212763 426163 24833 515628 627361 756187 877936 787982 998084 755801 554482 840091 689395 500035 400205 938707 611631 888292 989148 261802 999563 183866 801806 602121 105523 820087 842664 312972 396642 445057 114559 324482 847594 884466 778111 947056 712559 306137 65830 695693 3372 880886 278409 78407 541357 234690 458254 929597 981331 905701 157169 64259 913876 658174 553472 534626 271416 190495 462751 797461 324957 827215 713924 570381 82932 641862 952251 348333 633409 39476 946532 252814 277407 937914 446512 409981 89338 924974 319080 792696 912147 395740 726117 845749 8703 637120 20185 33563 689448 510925 304389 552647 509579 621738 611905 675464 401913 668975 229175 717860 252310 869676 769960 433297 607069 234018 753510 395132 110234 206152 52696 416453 269230 223560 948665 306496 717198 26943 477401 803574 430212 273984 891290 709603 363693 132946 420469 455478 822393 922029 981491 457683 962415 48321 578932 225556 182886 832560 392107 350404 526349 51663 841823 736547 801124 370921 804908 66789 716288 973755 571520 698738 771403 728441 859807 643239 769666 3335 151328 740564 602037 437185 632941 857148 269642 779828 463495 730713 242555 266083 409599 803349 81811 354947 14718 965138 340213 219327 31166 568674 697301 609204 610767 489232 718077 366902 926291 517397 591498 377354 383682 412004 176812 396074 429031 285599 665449 573956 335393 228127 943834 729019 773283 619696 117037 347620 754100 37906 216930 426826 865712 432441 755278 595755 16069 607118 547931 311033 825398 125037 227973 897498 227548 107237 578974 867624 244320 614266 172107 20465 608386 917222 557189 430200 370518 552404 925274 632179 613633 519588 972714 182283 44864 358314 679850 356063 255586 888110 40611 922369 789833 502893 801268 835319 196589 158423 826380 902395 516952 663311 150065 694652 968811 237230 724028 982107 877656 983553 912474 440239 776038 927750 388877 627329 806896 966579 984105 778000 590374 313391 22935 322574 456011 54679 259285 898850 433589 944826 693108 151268 412496 562205 494425 735396 797659 129400 38525 433699 858345 149751 306350 214424 602338 925434 588747 950828 728256 699286 232267 444095 488530 427730 692662 196897 347580 108074 691498 908825 452212 24015 98712 246690 369095 356517 565637 201641 39442 98499 625674 172048 54474 724023 320212 378990 308021 673728 611813 552653 883374 627538 486608 147882 596453 954133 425729 343289 908252 456038 496627 24094 555115 840789 108216 966645 68669 142949 902324 424907 816977 278415 497762 438755 964154 426624 407182 311026 606623 802902 708569 363426 397820 808103 20345 373587 255135 986490 128950 479766 79787 713292 346030 32624 805145 178124 157586 234589 982130 323551 930471 238731 74775 948509 779781 588122 685753 90450 456859 500322 328353 55934 791338 783021 186153 246549 637573 881977 369152 731456 727447 662456 47722 738330 507421 900624 119614 222644 570024 344859 434919 638546 221468 265575 452003 242668 807732 669111 717383 17645 955132 647681 121209 837687 561493 516654 50229 225053 353332 288349 181193 959207 95204 351200 110296 727762 524991 674237 204890 499150 265081 188142 672539 330110 393941 531617 151416 473020 481198 585145 735397 590290 340720 886412 106345 309249 931356 640483 162784 589310 520839 287933 661369 974640 382811 634892 354741 507316 441045 61495 945518 452441 791429 833366 602318 654820 793873 950329 37587 675149 5107 28705 659922 44992 648694 626372 255473 100893 409597 150670 292907 941240 638781
513 10000 9999
70 83 101 86 20 12 51 68 31 9 87 37 50 44 44 34 4 58 49 64 46 92 74 19 10 76 74 78 45 49 7 26 22 78 83 47 85 48 95 35 92 53 93 52 8 77 6 100 66 56 98 62 59 54 21 29 24 22 6 88 95 65 5 90 24 92 51 54 32 2 93 90 13 3 45 74 61 92 63 51 40 32 42 80 7 79 83 2 23 80 79 5 53 77 3 96 66 5 19 13 61 59 70 39 63 47 33 28 37 39 18 46 15 37 72 28 62 75 83 1 42 56 32 56 42 93 25 8 14 101 28 18 21 21 38 26 51 80 58 31 98 50 67 64 88 49 66 68 45 87 33 27 37 76 34 100 46 77 71 70 34 46 23 36 25 56 13 88 73 76 18 96 77 81 32 72 30 45 9 77 75 20 8 12 39 59 70 64 88 59 75 51 83 20 79 30 34 65 59 15 97 1 42 61 85 88 53 28 13 30 30 73 96 100 50 95 74 14 99 82 53 11 90 88 62 7 48 66 31 62 34 67 57 71 20 58 9 27 91 92 87 18 69 55 53 31 83 82 29 41 44 82 70 35 90 50 82 45 40 81 92 75 56 42 24 36 14 59 60 99 5 79 64 17 28 71 40 91 12 26 32 7 64 49 13 45 30 55 54 46 94 72 15 15 29 19 67 14 56 65 70 89 78 19 23 24 45 37 4 33 97 11 87 72 38 89 37 3 18 98 49 90 21 3 54 15 1 42 18 73 29 45 1 24 19 51 38 81 20 28 58 99 99 24 75 81 70 28 84 44 22 86 4 11 72 6 10 10 79 46 48 55 56 15 62 58 38 34 67 48 24 100 84 3 14 41 29 61 15 55 8 7 6 97 77 97 19 84 55 79 27 48 57 10 9 25 94 51 72 60 96 72 49 55 66 16 2 4 6 12 55 66 88 55 42 90 101 86 66 90 73 62 56 59 16 76 90 99 97 7 24 1 86 20 42 79 25 66 24 32 30 11 87 98 62 49 63 14 75 56 43 78 54 7 58 24 53 80 18 46 41 31 93 82 93 54 74 40 35 82 60 97 38 58 100 35 89 69 95 3 18 20 42 97 33 87 88 74 41 57 67 96 33 98 94 32 99 42 15 15 88 90 57 69 82 32 53 78 96 29 82 4 72
513 10000 9999
999974 999903 999999 999932 999977 999969 999997 999926 999991 999975 999979 999942 999982 999951 999904 999961 999906 999908 999995 999999 999979 999946 999915 999943 999911 999973 999903 999953 999951 999904 999985 999930 999952 999944 999925 999996 999965 999993 999909 999997 999949 999986 999984 999999 999924 999907 999989 999992 999940 999916 999992 999921 999920 999938 999958 999944 999905 999999 999946 999924 999974 999956 999941 999954 999938 999984 999936 999924 999906 999936 999950 999956 999968 999967 999942 999987 999964 999970 999991 999921 999962 999995 999953 999958 999933 999904 999985 999980 999920 999971 999967 999949 999922 999930 999909 999980 999929 999922 999931 999962 999984 999914 999975 999949 999963 999963 999981 999922 999952 999999 999962 999920 999918 999997 999939 999993 999947 999985 999981 999922 999996 999927 999968 999974 999930 999978 999902 999929 999953 999952 999935 999951 999943 999930 999950 999988 999915 999954 999952 999948 999948 999971 999942 999931 999942 999914 999921 999935 999942 999941 999938 999919 999997 999901 999966 999989 999939 999990 999996 999969 999934 999995 999929 999927 999998 999921 999949 999943 999996 999912 999929 999928 999970 999942 999906 999980 999987 999953 999933 999973 999990 999932 999975 999935 999958 999978 999972 999922 999933 999932 999947 999904 999983 999942 999986 999985 999958 999923 999933 999960 999954 999920 999934 999951 999972 999976 999971 999984 999973 999943 999917 999920 999942 999993 999966 999902 999992 999978 999988 999963 999903 999981 999975 999977 999913 999939 999981 999974 999935 999932 999985 999976 999984 999919 999935 999937 999935 999924 999913 999951 999984 999968 999938 999955 999971 999901 999941 999939 999903 999984 999964 999958 999991 999957 999979 999985 999980 999908 999944 999982 999996 999960 999995 999955 999943 999989 999942 999930 999935 999928 999940 999972 999931 999951 999984 999960 999901 999932 999988 999916 999918 999909 999945 999984 999971 999908 999960 999952 999936 999911 999932 999985 999990 999986 999977 999957 999927 999906 999977 999905 999983 999913 999967 999937 999975 999997 999942 999904 999916 999914 999953 999982 999982 999913 999922 999901 999943 999937 999970 999902 999996 999920 999969 999938 999961 999995 999916 999993 999992 999929 999997 999939 999960 999938 999903 999923 999920 999979 999909 999959 999943 999954 999970 999932 999935 999996 999933 999960 999981 999953 999952 999950 999981 999921 999939 999943 999969 999967 999976 999912 999937 999963 999986 999936 999934 999974 999924 999961 999973 999966 999941 999921 999911 999913 999932 999945 999961 999954 999944 999967 999963 999956 999943 999977 999943 999952 999977 999993 999930 999913 999964 999958 999983 999968 999903 999936 999981 999972 999982 999926 999991 999985 999926 999985 999956 999919 999955 999984 999999 999962 999984 999920 999918 999909 999971 999943 999990 999922 999904 999931 999995 999930 999905 999998 999994 999955 999982 999974 999928 999909 999924 999941 999914 999994 999959 999908 999974 999979 999943 999974 999991 999981 999985 1000000 999958 999918 999960 999928 999981 999994 999940 999912 999949 999986 999947 999926 999981 999978 999901 999963 999904 999956 999943 999991 999906 999966 999954 999938 999956 999923 999943 999910 999935 999946 999950 999962 999923 999985 999906 999955 999933 999962 999977 999903 999948 999921 999926 999932 999922 999915 999964 999935 999949 999903 999939 999996 999911 999993 999981 999954 999943 999909 999952 999950 999931 999987 999940 999907 999968 999939 999968 999997 999922
514 10000 9997
736553 358023 760340 24262 417122 895588 826553 725898 462254 237232 405267 810366 950705 266289 801298 742913 652099 838145 703895 830982 958255 828107 667769 290964 172023 282514 443010 36679 652942 234026 96303 710221 69916 333117 169844 881322 732414 746504 631541 488948 832068 814235 965070 193432 250097 846556 10636 712595 439294 89604 244465 814073 27608 260897 641204 382066 529053 991378 11647 562424 362211 251407 567024 117083 840817 883998 889112 295805 795843 605471 396863 478358 403018 851265 239838 2352 80682 412938 884771 347308 953595 243923 874672 570044 751561 831177 51677 506343 385172 251950 985201 752265 353681 276054 23789 211215 641190 870251 39810 486015 691313 322089 248598 513198 910914 929762 7555 628104 408093 569659 271639 704333 910842 571565 934421 437134 399492 217477 534450 508403 272349 700005 36121 375288 360344 97601 758184 75436 146877 38754 16241 651889 99081 891431 265658 172670 589548 161919 708029 799776 441737 386159 455593 19124 41209 4882 3422 415407 644424 600341 964661 312791 482743 538871 564278 604231 227896 811087 338272 839727 15349 699973 198245 913425 103050 839383 897899 115909 432902 161942 86477 842806 503726 273959 899223 414499 187642 105283 421581 777567 690198 273015 334053 505938 646626 986276 533064 240949 140210 656960 473750 521369 115087 826195 12895 343457 350708 128251 416874 983748 158418 332969 99122 35468 414220 851682 272227 609561 920444 415871 219490 490911 660716 350509 775938 45156 183262 954541 18640 490947 8517 472085 507272 123243 361737 18829 258142 611105 667783 349459 756022 791801 18255 256439 331244 252321 237156 432544 102733 436119 406271 563590 704283 442798 50764 93302 56653 709517 755691 337681 726221 832367 242097 980556 923064 564324 107429 701042 910178 432719 992708 432541 736079 697254 795389 917441 58875 447926 149173 860577 544019 871516 891715 448024 263034 51404 307957 99986 985797 456333 815946 888144 379391 536251 461238 826535 223717 265541 300578 539777 799723 444653 442153 968923 257718 650250 610908 991750 223776 529609 665023 998182 833271 5736 477897 565046 428286 138553 861544 180225 587882 97445 477946 725354 326886 597095 624341 701350 217168 375244 776896 474557 321082 461562 663608 888140 465385 291558 604269 788166 167513 677340 477762 271278 931128 332475 444176 556062 296167 220726 126371 965380 996220 622932 775612 601760 226754 962225 126285 474631 631415 732475 1216 41251 854093 894390 191857 814385 194218 185977 605615 855361 151657 314862 585791 443961 42006 425365 989976 691538 882869 279618 306280 748698 718972 295515 757326 444145 816980 433499 376350 386828 339932 354513 1889 794101 793062 943074 514450 611656 72313 134210 430690 305527 165197 913087 391156 458568 642898 810871 296354 452946 91817 864477 590710 354243 340265 556088 231602 873885 206491 925476 220233 565748 554366 436879 309283 236210 1477 825916 198941 195091 192980 668292 331654 752873 727879 346576 183203 562777 421866 29856 79085 787036 648258 797127 667086 591616 819139 23853 697639 334116 325911 756364 456460 444543 17118 255027 984518 147226 389992 517446 860049 977873 700669 203580 25948 375126 214037 537120 654988 539054 146849 576016 68409 658930 262976 495745 724846 284879 870794 332409 254957 351879 316937 582547 316073 925550 779898 455359 135947 353965 563921 686784 872622 35010 463283 206572 958371 979134 176186 199407 30317 536774 440372 346696 656390 564499 821091 73098 193240 83762 130495 584540 693701 46597 142960 464058 339424 991104 199828 571506 246705 279596
514 10000 9891
999938 999953 999992 999970 999951 999950 999978 999927 999962 999920 999969 999983 999913 999915 999945 999974 999945 999995 999994 999969 999920 999942 999939 999995 999985 999977 999950 999956 999921 999996 999925 999963 999983 999973 999925 999942 999907 999932 999973 999956 999939 999950 999933 999961 999979 999945 999941 999930 999999 999960 999993 999991 999909 999916 999981 999927 999976 1000000 999933 999980 999985 999915 999985 999918 999978 999926 999976 999963 999993 999967 999902 999942 999920 999974 999903 999907 999952 999999 999972 999903 999976 999909 999924 999958 999933 999919 999934 999959 999982 999943 999947 999945 999907 999986 999967 999978 999984 999936 999961 999917 999934 999950 999978 999913 999978 999902 999973 999926 999912 999915 999974 999937 999939 999943 999977 999990 999951 999927 999994 999960 999922 999984 999968 999926 999921 999918 999936 999982 999973 999970 999906 999943 999954 999914 999949 999901 999944 999902 999941 999945 999954 999919 999930 999972 999954 999910 999929 999975 999993 999956 999904 999958 999981 999985 1000000 999972 999920 999967 999944 999903 999905 999978 999925 999990 999980 999971 999930 999921 999936 999932 999972 999978 999959 999944 999910 999919 999975 999902 999971 999937 999957 999905 999981 999929 999923 999959 999934 999999 999947 999912 999987 999973 999919 999906 999911 999906 999966 999921 999907 999974 999920 999966 999990 999939 999939 999974 999928 999943 999971 999998 999901 999987 999911 999931 999948 999932 999959 999941 999943 999918 999936 999966 999956 999959 999996 999974 999904 999971 999926 999923 999938 999960 999973 999993 999930 999981 999994 999997 999980 999988 999953 999935 999925 999982 999921 999918 999943 999968 999926 999905 999935 999930 999992 999957 999940 999931 999912 999980 999955 999908 999960 999938 999964 999958 999966 999980 999913 999923 999959 999976 999948 999962 999906 999989 999928 999978 999917 999905 999956 999969 999936 999921 999921 999947 999939 999993 999903 999991 999991 999954 999986 999959 999918 999918 1000000 999922 999961 999913 999939 999907 999932 999920 999942 999909 999955 999988 999945 999918 999952 999945 999904 999963 999913 999957 999923 999997 999925 999965 999961 999968 999917 999901 999931 999981 999910 999971 1000000 999942 999984 999942 999932 999959 999959 999925 999971 999936 999985 999947 999998 999996 999917 999966 999963 999913 999989 999963 999983 999936 999909 999958 999909 999913 999929 999901 999946 999929 999981 999932 999910 999958 999968 999988 999935 999964 999992 999902 999939 999912 999939 999963 999925 999974 999978 999996 999904 999996 999911 999905 999954 999955 999960 999924 999976 999948 999976 999909 999985 999934 999903 999918 999923 999956 999976 999943 999901 999925 999917 999968 999994 999908 999959 999928 999955 999921 999965 999990 999976 999940 1000000 999948 999963 999903 999958 999943 999914 999999 999905 999999 999934 999927 999920 999901 999906 999914 999991 999934 999926 999932 999992 999979 999971 999942 999982 999950 999903 999960 999923 999966 999935 999933 999916 999936 999971 999907 999931 999958 999955 999950 999962 999937 999946 999973 999979 999928 999992 999985 999912 999906 999930 999951 999926 999951 999943 999980 999956 999908 999979 999992 999996 999930 999997 999958 999922 999945 999982 999997 999902 999970 999946 999939 999909 999967 999969 999991 999957 999913 999990 999953 999912 999951 999997 999974 999979 999964 999926 999927 999993 999963 999909 999917 999935 999974 999998 999905 999927 999970 999956 999907 999964 999947 999997 999912 999939 999907
514 8888 3331
745799 6698 306099 380891 880520 668180 488019 571580 926367 940498 736311 778636 786278 223166 306049 802558 821479 320966 899592 741977 402596 49834 94933 974969 956880 662847 782760 443980 511956 354607 751217 568278 604939 479542 115928 619949 753349 438182 250037 981758 680775 662949 272536 704646 100362 751466 192643 856601 449656 641667 812907 720543 84978 152146 284475 906514 136141 22859 482640 345730 566544 640952 526142 174225 274936 910453 657865 551799 439220 69108 982445 509630 963561 805178 954391 180167 462511 99873 780778 859012 311569 209748 644091 165948 780050 690646 617941 128459 176739 81979 682166 466718 4334 796332 471504 924027 65166 890855 865352 511863 801044 625982 45114 513406 96899 131284 277236 135376 72149 829859 537463 631614 869236 60280 61177 373616 85314 883060 833317 442658 971538 597069 287577 209507 951980 793036 79911 275797 205005 124877 493589 530223 654565 802946 554141 722174 741015 165488 652589 191071 368508 550000 915304 207239 603041 631983 553956 591868 485572 125359 72298 796441 206362 663171 670393 27854 34188 199703 473027 513373 421878 687526 766958 393118 444583 923202 353044 268732 927076 348176 59396 502774 518245 563528 90367 858591 393110 796090 241340 148895 611095 668036 298276 540783 32316 295325 736854 713569 861262 505037 979621 545749 461576 959218 506197 970757 728667 389949 783329 591226 508010 138034 40248 982293 767951 286444 548027 520199 203413 380567 838529 645529 721275 325108 845588 975589 586039 555801 182193 945818 156208 310446 495947 816637 375235 887857 902921 82146 886080 268211 430339 629751 838698 655641 184841 559738 349818 763739 173405 821246 979612 965704 497204 959146 89905 896256 226808 517369 84171 168697 588937 741883 12916 555451 223607 591507 101288 46500 195978 757367 539926 543076 992059 306100 30243 421314 519352 630503 412135 345878 742819 470852 394734 572108 932564 47059 783672 261031 1682 15149 339641 810940 685086 231748 863449 550515 702377 990361 240054 608458 867928 73668 36701 955857 922759 302191 113813 555631 248196 866523 412500 627035 141391 258073 394440 878372 296289 462930 916496 928106 650018 561729 860031 915682 20401 756403 285344 75286 617503 53262 664429 986915 739508 126599 933974 458873 469609 314346 40640 517279 364781 954134 372099 699436 79905 666622 909932 581391 303579 164073 940409 711559 88038 879027 232863 836140 355648 187658 485191 956581 865243 158386 491085 998703 420445 444290 451136 891740 894176 184420 292709 779410 233395 499736 650228 608136 509015 809266 628696 683468 73347 154968 711091 378240 730016 928773 416537 361944 240589 575560 782352 650334 65308 378566 400278 638895 506003 896883 854747 399419 828973 965213 821251 833480 171158 706082 300837 769071 848563 136949 514703 525022 95383 974877 229759 324116 684879 949238 773163 715241 628631 82862 158010 757955 564770 317384 184969 400610 187863 496093 556904 563349 601102 723990 624666 410818 91543 728691 941400 678178 372916 180551 739022 432066 37722 628282 319324 799684 206963 451334 777559 525788 167839 792378 447878 928019 565294 723962 783589 344456 803112 595709 115109 594026 392197 189838 621418 711935 955189 737547 334924 333280 436378 972905 491095 519610 357385 72494 271947 393550 147021 865973 242652 306674 295267 510382 51250 860239 155775 783836 247274 188961 477830 756565 974228 7354 947473 561093 617204 500927 482865 339051 131649 164777 313317 12122 200168 48133 882341 861177 685130 356212 726619 802372 643258 880300 818853 836041 869376 203189 246869 278828 321817 478382
514 9733 77
52 31 47 5 49 73 99 24 71 32 7 60 40 8 32 62 66 18 5 12 77 37 87 22 21 45 79 86 42 59 77 97 41 28 65 49 29 60 53 43 69 90 14 95 92 76 30 30 8 39 92 12 55 40 8 19 57 63 19 94 37 69 34 65 67 28 44 22 72 93 61 27 49 17 1 9 1 92 30 23 36 66 59 76 15 10 42 32 33 50 24 38 43 31 26 4 47 60 43 85 56 5 85 82 32 18 80 31 23 50 76 90 83 56 66 25 28 50 80 89 13 91 31 83 84 91 29 41 84 29 18 81 31 72 35 21 66 92 41 74 66 67 15 17 2 30 91 100 56 99 66 69 65 20 29 96 57 64 96 4 32 27 41 66 44 4 15 24 38 100 34 45 85 49 68 85 28 44 5 76 25 89 13 25 46 19 7 41 41 55 73 69 6 21 14 9 94 52 14 38 80 57 49 81 87 44 69 5 38 11 49 60 12 18 86 68 56 7 11 79 36 78 87 34 14 80 28 61 49 3 64 85 6 58 59 60 32 60 68 81 42 73 1 8 100 83 54 95 55 5 43 61 91 9 35 79 31 27 89 51 61 55 79 39 15 42 6 2 3 20 88 49 94 14 35 30 91 81 78 42 84 13 54 64 14 85 48 78 46 28 88 26 3 41 58 73 52 79 20 54 77 28 93 63 22 51 11 2 62 97 100 84 28 31 27 66 46 10 73 81 73 53 61 8 93 61 27 9 46 31 12 8 65 58 74 11 79 46 81 57 74 10 15 24 61 74 27 99 23 55 87 23 70 97 43 51 39 33 3 95 50 64 7 92 96 68 6 41 32 84 76 98 74 68 62 45 40 44 42 61 86 59 11 19 49 28 95 99 49 1 61 6 55 97 42 1 83 1 4 72 78 59 24 16 18 24 5 79 37 63 14 10 20 24 2 79 4 66 76 61 7 25 48 94 49 18 55 57 100 74 41 51 96 52 38 26 57 90 10 24 10 24 80 90 21 100 79 71 33 57 95 2 31 5 58 70 27 72 18 75 10 45 7 69 97 30 10 75 77 32 15 89 54 31 55 62 65 66 93 54 16 91 49 55 25 56 15 47 58 19 4 86 21 86 47 3 60 9 4 81 5 81 44 20 6 36 28 21 100 87 43 49 52 66
514 9733 2141
345697 877879 34131 720634 167182 95282 963675 322135 80073 790588 127787 532854 29792 148928 151127 202718 680081 112257 661097 301099 784146 121363 343457 943691 888203 300320 359535 723010 371671 96805 296315 502502 754310 808114 707421 190692 860190 959917 310373 753593 695637 562959 393173 174265 249560 841126 647842 810572 687816 608017 922359 605676 433399 791240 239729 213225 1071 322129 673700 262245 131884 841484 647636 634968 522333 549288 188413 404748 402535 645227 123660 877282 905634 847278 906468 390348 216666 214366 190682 802513 221839 199037 615737 859725 748533 626655 472959 520942 334453 904814 479261 571639 75050 52902 145339 229312 512677 359129 513266 786549 567210 464428 833361 106963 134896 463192 425624 392174 749605 529130 574848 990381 170599 103044 802929 930636 73292 802522 334730 884122 658524 955125 461469 240377 914194 209780 675695 766432 799262 739078 830845 807004 789029 392624 691058 419914 888192 470157 304946 532383 681337 191370 872019 106081 793489 748774 43678 667435 675389 254008 102162 305645 921700 881832 741985 388457 376738 838004 655729 421879 535945 463213 242844 49730 131930 161144 126577 98825 750288 978766 302449 440159 764822 203388 844627 928684 397068 612131 235904 904745 414982 381497 66839 737256 316237 366279 231466 23177 208476 158057 648000 901958 604004 451088 574417 825768 383305 228675 616973 928336 549666 597594 128917 791855 382141 971138 338944 190094 48024 765372 877719 139015 686889 345502 731354 632649 143064 9872 277049 555481 718720 728592 520412 58507 833585 316911 250971 395021 156208 326545 141190 482077 194806 855345 218591 700238 511725 722331 666523 185735 536566 749936 867044 815620 416806 161125 129050 718162 852612 526725 789389 25431 587724 253738 384645 470728 298607 914696 32123 552114 369105 429859 110749 995570 157706 458899 442189 358076 568422 637511 349922 356568 863845 961791 796390 172831 483195 566864 729751 996675 102353 710885 631975 811205 383042 615864 174139 506813 218463 665949 794159 688021 53163 851831 279184 591566 314080 96833 106849 878137 272424 202566 667927 547199 143781 135017 436509 946971 586282 868767 439697 936282 953407 116592 973637 887330 301281 678969 418687 614888 376127 133741 169529 306424 319487 502031 607137 440049 492407 250617 83226 678598 38580 823449 983226 907582 152118 83695 347146 150901 120946 936400 663177 474329 936143 54310 903337 730286 909993 841838 826256 745099 601745 190456 743576 409050 522955 111786 299024 405595 277455 641598 162105 872226 587145 211519 865545 765973 453593 607440 782700 37295 12819 10277 240894 628095 755199 688968 880850 314602 631195 259413 443054 312805 34772 821182 665165 114235 483729 172553 282715 723725 206760 9421 890428 651789 41959 354616 837446 337858 49420 844044 593859 69896 591245 603485 609904 302157 199122 429333 413184 51220 774261 490352 944282 75446 861833 701696 937686 489244 298512 190250 53572 259014 737923 42663 349925 839111 188814 640389 210480 402311 20689 494819 260431 759552 621985 313016 934623 95681 103621 665805 992948 947438 277625 562494 667090 932030 91310 882621 775541 263164 369352 590799 895946 472390 502879 931853 927668 401489 602431 347620 249032 724003 368616 730326 407696 570007 627022 426551 328396 622301 900762 548912 225389 446968 257959 743551 962968 316286 135301 396213 182121 503259 661882 171063 625005 937486 508348 947454 832487 968106 810361 863959 588364 16470 756239 993700 191751 528526 437652 991897 988406 932064 684431 276415 988459 491568 329981 221236 718187 709109 584078 903849
514 9733 0
999918 999912 999932 999946 999963 999928 999930 999974 999901 999955 999925 999999 999963 999972 999901 999924 999906 999981 999985 999967 999904 999970 999930 999960 999927 999949 999936 999985 999957 999918 999926 999981 999940 999918 999980 999924 999945 999927 999934 999943 999971 999976 999985 999974 999904 999950 999907 999984 999985 999908 999917 999995 999916 999985 999986 999987 999938 999986 999903 999902 999951 999929 999975 999991 999996 999970 999991 999934 999922 999929 999917 999924 999984 999925 999987 999913 999928 999989 999956 999968 999954 999975 999979 999948 999966 999940 999997 999983 999981 999908 999993 999924 999924 999976 999935 999942 999943 999993 999928 999945 999950 999989 999979 999910 999984 999935 999976 999989 999942 999957 999931 999917 999990 999996 999960 999953 999911 999976 999906 999943 999962 999970 999937 999946 999940 999936 999954 999994 999969 999910 999996 999972 999917 999933 999940 999973 999978 999998 999984 999934 999967 999974 999945 999951 999933 999941 999979 999983 999991 999961 999994 999920 999913 999902 999905 999989 999915 999965 999940 999922 999945 999968 999907 999909 999966 999966 999923 999960 999951 999974 999915 999984 999947 999967 999926 999978 999947 999987 999925 999942 999929 999962 999928 999966 999928 999974 999903 999989 999948 999963 999916 999927 999908 999962 999901 999906 999990 999912 999989 999920 999923 999910 999912 999946 999950 999925 999906 999905 999932 999925 999942 999913 999983 999928 999954 999940 999969 999918 999911 999990 999968 999957 999995 999961 999954 999953 999974 999960 999940 999974 999930 999933 999994 999915 1000000 999905 999983 999983 999956 999985 999923 999980 999998 999977 999967 999963 999918 999940 999957 999988 999983 999955 999927 999972 999997 999931 999971 999952 999921 999990 999934 999990 999949 999963 999999 999913 999907 999965 999967 999955 999978 999950 999989 999969 999981 999974 999998 999939 999921 999992 999920 999958 999965 999993 999904 999996 999902 999930 999922 999925 999939 999914 999978 999970 999976 999922 999939 999960 999909 999965 999970 999975 999990 999972 999910 999917 999998 999984 999923 999907 999974 999909 999917 999921 999934 999980 999941 999949 999929 999906 999952 999986 999947 999986 999953 999931 999969 999981 999930 999963 999957 999959 999944 1000000 999944 999942 999949 999979 999962 999990 999976 999984 999975 999946 999921 999969 999946 999928 999968 999982 999999 999935 999925 999992 999911 999954 999979 999984 999952 999953 999919 999911 999952 999961 999968 999946 999902 999905 999967 999901 999925 999966 999995 999954 999958 999972 999968 999937 999984 999997 999925 999956 999952 999973 999929 999987 999901 999996 999935 999994 999911 999977 999996 999940 999982 999936 999939 999996 999946 999909 999940 999988 999959 999914 999905 999933 999968 999976 999946 999983 999981 999942 999950 999963 999948 999963 999991 999982 999982 999974 999947 999933 999924 999991 999995 999922 999987 999939 999913 999924 999997 999970 999940 999984 999955 999926 999921 999916 1000000 999903 999986 999977 999981 999948 999989 999994 999958 999962 999916 999990 999906 999962 999957 999957 999956 999933 999945 999928 999962 999971 999922 999919 999991 999975 999915 999921 999974 999968 999933 999940 999924 999992 999989 999939 999968 999970 999927 999971 999903 999902 999952 999947 999904 999941 999905 999942 999959 999940 999945 999911 999956 999972 999953 999960 999903 999997 999920 999998 999936 999962 999959 999937 999918 999961 999923 999911 999942 999950 999996 999928 999915 999918 999979 999905
514 3331 514
999937 999906 999913 999959 999925 999936 999988 999959 999965 999986 999984 999950 999954 999968 999940 999964 999928 999989 999952 999975 999999 999935 999952 999955 999910 999998 999956 999954 999949 999984 999948 999903 999937 999963 999927 999973 999981 999948 999910 999904 999905 999969 999912 999932 999912 999976 999943 999947 999916 999981 999911 999985 999950 999994 999968 999968 999937 999931 999962 999980 999911 999906 999940 999995 999976 999974 999908 999916 999960 999981 999947 999937 999939 999960 999936 999931 999993 999936 999908 999902 999958 999985 999953 999972 999913 999974 999974 999970 999935 999936 999939 999980 999947 999952 999903 999902 999997 999976 999944 999919 999974 999951 999987 999999 999964 999908 999947 999963 999912 999970 999904 999923 999950 999915 999935 999964 999950 999926 999923 999924 999963 999947 999987 999908 999930 999920 999937 999951 999905 999964 999902 999924 999986 999994 999969 999938 999928 999997 999920 999959 999959 999907 999907 999908 999958 999981 999974 999977 999946 999915 999930 999916 999914 999994 999901 999993 999915 999972 999941 999965 999968 999904 999915 999961 999985 999989 999982 999938 999903 999910 999984 999976 999904 999922 999977 999942 999916 999935 999921 999962 999973 999957 999945 999952 999960 999950 999943 999994 999924 999977 999936 999963 999910 999945 999963 999958 999911 999902 999998 999946 999944 999945 999998 999982 999947 999937 999902 999964 999901 999955 999982 999901 999906 999980 999906 999964 999965 999951 999923 999972 999999 999963 999986 999970 999954 999931 999934 999997 999924 999907 999917 999935 999976 999940 999916 999961 999962 999990 999941 999959 999933 999931 999966 999903 999986 999903 999942 999934 999985 999976 999921 999976 999964 999969 999967 999965 999906 999910 999984 1000000 999952 999992 999998 999997 999983 999932 999912 999932 999971 999946 999955 999960 999992 999904 999977 999971 999961 999979 999933 999908 999971 999974 999959 999919 999929 999957 999986 999974 999927 999993 999924 999940 999958 999979 999930 999932 999993 999984 999931 999977 999955 999944 999920 999948 999917 999998 999935 999944 999955 999988 999986 999991 999912 999929 999991 999932 999952 999965 999936 999959 999940 999909 999911 999909 999947 999978 999965 999983 999917 999981 999948 999962 999994 999975 999975 999986 999913 999964 999991 999973 999935 999929 999974 999903 999960 999917 999942 999969 999942 999909 999909 999969 999940 999962 999920 999927 999911 999974 999954 999915 999944 999907 999977 999999 999995 999934 999926 999952 999908 999915 999974 999983 999946 999968 999933 999951 999934 999989 999952 999971 999979 999971 999965 999960 999966 999976 999989 999913 999941 999999 999963 999904 999962 999954 999992 999970 999999 999926 999915 999963 999981 999927 999920 999985 999992 999935 999959 999933 999991 999958 999901 999910 999927 999929 999907 999987 999907 999942 999916 999944 999915 999996 999954 999986 999930 999998 999926 999909 999934 999950 999978 999999 999966 999980 999957 999961 999961 999903 999935 999975 999915 999996 999924 999958 999921 999980 999960 999907 999954 999917 999902 999940 999915 999942 999992 999972 999902 999966 999943 999905 999936 999972 999949 999988 999905 999954 999960 999901 999944 999915 999955 999969 999970 999971 999918 999970 999982 1000000 999976 1000000 999945 999981 999991 999984 999945 999937 999916 999967 999992 999967 999910 999918 999964 999954 999950 999941 999995 999980 999970 999918 999962 999960 999989 999917 999992 999954 999903 999907 999998 999997 999943 999974 999902 999946
514 9733 9732
10 62 56 80 39 83 1 79 29 48 77 6 96 84 50 84 73 47 67 5 46 71 6 13 48 90 52 82 75 76 64 24 100 66 16 97 70 14 92 95 50 42 99 11 14 90 69 72 54 48 48 63 98 67 55 96 4 31 47 28 63 50 47 46 3 46 100 24 90 5 39 46 62 57 63 8 75 40 100 63 7 56 100 90 73 70 26 84 52 93 20 94 78 37 51 71 44 33 34 71 55 47 47 99 31 68 73 2 99 96 31 52 98 47 14 29 10 81 46 57 66 52 57 4 43 89 20 86 38 26 28 50 53 84 80 54 5 96 10 83 49 99 61 83 71 13 29 39 93 42 85 85 19 18 49 33 56 41 22 32 87 37 97 9 59 17 37 82 24 69 1 75 95 75 16 97 32 12 34 20 19 24 17 75 45 70 47 58 9 47 84 42 67 64 14 24 90 1 99 45 10 87 1 85 99 25 4 54 8 30 99 6 95 3 53 83 6 68 4 82 38 33 32 74 11 34 44 44 40 91 50 28 47 81 70 64 56 98 22 5 5 73 98 92 35 73 30 68 11 91 38 17 26 56 48 18 99 30 39 52 78 78 75 7 39 68 57 3 6 61 4 11 68 55 40 10 80 49 82 53 53 71 44 1 53 99 70 54 26 6 39 62 52 33 70 43 49 51 95 76 44 48 24 93 80 56 25 63 71 84 1 71 83 43 4 79 90 40 84 99 40 14 16 29 26 35 30 71 19 31 33 45 31 72 65 41 91 17 1 51 13 67 21 10 48 10 63 99 89 84 48 84 2 5 42 12 77 32 21 98 69 95 8 54 61 45 50 97 79 43 97 2 80 27 59 62 31 58 70 61 67 38 21 48 75 64 43 79 45 11 14 50 65 21 24 50 53 55 89 79 98 22 12 52 21 78 22 90 92 64 49 71 28 56 32 49 42 9 1 31 27 31 30 67 54 54 62 79 47 81 74 77 25 61 1 67 61 45 57 85 71 87 74 22 84 20 99 77 54 4 71 51 62 67 57 53 79 33 13 50 57 48 23 31 36 26 38 33 88 73 93 28 7 63 87 63 19 3 58 10 6 50 70 73 5 78 45 69 50 13 28 12 78 30 76 20 89 41 7 76 12 30 68 68 32 40 46 93 78 19 61 63 24 75
514 9733 7
999945 999982 999911 999915 999965 999920 999949 999969 999985 999989 999904 999986 999974 999913 999943 999944 999936 999914 999918 999951 999934 999939 999925 999985 999972 999944 999960 999957 999935 999935 999930 999918 999990 999955 999917 999928 999980 999906 999910 999987 999983 999948 999963 999937 999937 999972 999986 999998 999931 999985 999902 1000000 999993 999996 999955 999995 999981 999902 999944 999928 999905 999921 999947 999917 999913 999976 999950 999953 999979 999981 999977 999950 999912 999913 999972 999988 999943 999905 999961 999997 999902 999960 999976 999902 999962 999962 999916 999915 999922 999997 999987 999948 999999 999904 999939 999980 999966 999994 999985 999995 999944 999922 999932 999982 999967 999910 999977 999933 999908 999934 999946 999997 999915 999981 999961 1000000 999955 999916 999912 999955 999940 999956 999961 999909 999947 999991 999921 999997 999987 999944 999995 999958 999936 999982 999921 999970 999925 999984 999924 999910 999912 999960 999970 999978 999951 999986 999989 999944 999966 999944 999939 999916 999970 999985 999977 999963 999994 999908 999967 999914 999982 999944 999936 999966 999938 999952 999953 999943 999938 999927 999901 999964 999962 999959 999968 999991 999905 999983 999927 999944 999996 999975 999908 999985 999970 999946 999908 999917 999928 999913 999971 999931 999972 999996 999968 999942 999996 999946 999939 999965 999982 999974 999966 999958 999931 999982 999986 999986 999935 999986 999908 999916 999961 999920 999964 999927 999977 999931 999958 999920 999988 999999 999917 999938 999945 999969 999967 999971 999976 999985 999929 999988 999952 999986 999965 999937 999979 999910 999986 999948 999931 999997 999996 999930 999928 999966 999987 999963 999999 999950 999963 999971 999987 999961 999911 999941 999932 999939 999920 999925 999999 999901 999985 999915 999950 999931 999907 999973 999949 999951 999969 999968 999966 999985 999987 999976 999995 999932 999980 999958 999952 999933 999970 999972 999981 999965 999991 999913 999947 999981 1000000 999920 999912 999998 999956 999924 999978 999901 1000000 999994 999979 999985 999970 999913 999975 999926 999980 999999 999972 999947 999932 999967 999951 999997 999976 999901 999906 999929 999918 999986 999924 999972 999935 999995 999913 999963 999990 999977 999992 999907 999927 999988 999911 999976 999994 999926 999960 999936 999909 999991 999955 999978 999904 999920 999949 999994 999969 999991 999941 999958 999992 999960 999960 999920 999917 999951 999976 999929 999934 999978 999978 999942 999970 999914 999974 999955 999902 999932 999951 999902 999919 999935 999954 999943 999949 999930 999962 999943 999933 999958 999923 999975 999988 999930 999958 999917 999957 999908 999918 1000000 999993 999981 999946 999966 999995 999925 999903 999955 999971 999970 999965 999925 999905 999917 999911 999988 999914 999941 999906 999958 999995 999985 999920 999914 999975 999937 999943 999923 999972 999970 999918 999939 999975 999936 999921 999991 999970 999909 999943 999956 999928 999970 999901 999953 999910 999911 999923 999906 999945 999961 999996 999985 999912 999901 999968 999957 999977 999913 999999 999937 999962 999940 999902 999952 999984 999920 999975 999940 999909 999918 999946 999973 999995 999906 999941 999986 999909 999957 999966 999944 999935 999941 999917 999977 999932 999994 999935 999917 999982 999965 999986 999928 999906 999995 999912 999921 999919 999905 999931 999942 999946 999907 999956 999979 999981 999911 999959 999967 999991 999921 999939 999996 999972 999906 999953 999945 999919 999952 999912 999969 999978 999914 999908 999943
514 9733 9731
559123 936322 413676 530003 812700 775403 410979 986236 285211 269640 934456 328711 257103 320393 859605 554332 502698 193136 847893 227385 43730 762389 39306 198191 788641 933411 572725 752546 889701 875929 718225 196045 215137 827913 136009 803644 600779 383709 255677 392848 540364 417677 847809 298815 266243 885482 981853 874833 301314 281815 713678 620132 409359 889226 69060 480425 164709 355728 625699 771940 796976 289094 653314 442032 372244 281952 746158 84281 429991 814758 734376 446080 288178 244786 178275 243994 541813 927411 366791 274802 619104 903021 579185 514626 240090 400183 428848 640862 863230 642620 732425 218409 112025 730490 358900 505438 464685 378502 771677 83209 95537 138566 251941 396427 684686 261877 48094 822809 22820 496227 948434 533885 366723 289459 481148 164116 258354 517979 225357 955534 324076 941287 713065 325234 311902 661046 761768 609559 10602 568443 303701 755564 669095 828862 809522 574321 904351 674456 946482 486779 113552 721915 60542 413364 633067 819303 114225 836313 495896 192758 128860 907578 841584 191825 889730 49149 51841 428985 413917 926556 895117 931839 127959 620002 138508 857356 455505 295794 877797 251610 413792 410881 396537 687289 862539 369174 619801 274443 224207 751697 998859 98056 631323 416545 822793 348795 471828 398028 99841 978819 852882 745260 538070 694163 335586 725996 124637 279666 998402 149455 488545 198844 4775 431913 599776 296927 786490 68260 673996 323999 927766 210748 376971 409426 468556 838403 787511 61348 134048 652318 885726 757077 245322 946887 472003 193654 195957 399561 906267 649456 777539 385799 958162 350781 161479 48565 531204 760748 926282 450140 157188 684321 65031 433947 709144 607763 681710 543585 950138 767629 602149 397876 693849 93613 63234 787501 534870 106664 349331 788473 329671 567556 19542 335258 330040 298269 53313 937764 693413 372576 713979 567104 932865 90067 527265 45485 961586 901387 166466 695418 281299 116788 358179 755277 372144 951309 215100 504799 582926 578729 999545 378621 157280 460464 838266 830216 665875 683228 831379 241718 218051 51388 18061 715152 235396 224820 703780 909362 213210 672891 963975 438862 253569 354331 902490 150440 495909 758325 238455 31131 613995 769850 594217 608723 428007 703603 943983 684754 41827 96506 148735 571820 185695 767295 496001 139210 379147 757700 162064 424362 331919 130593 35452 31645 419524 63873 393355 89288 687672 153827 267187 636963 742573 727258 337185 157373 35354 366989 483318 665719 454057 405496 931013 492292 535352 504809 16278 327984 500184 470596 164325 778198 880273 755391 680228 749799 120668 523686 847541 772330 715367 533209 322481 447287 548373 201 868708 688699 952699 215295 715662 878135 913188 782933 540323 741632 929486 783162 945420 464769 236587 32626 146980 463988 82657 981012 310396 560045 200522 575563 5272 480016 492468 826582 21807 798101 338530 377735 134447 528715 8009 929288 914807 88850 255508 997905 418715 658656 983393 263155 541155 907197 531778 483856 405004 575110 985213 964641 192518 222062 807948 174063 494004 605560 77918 203930 128175 523455 401812 794389 872964 985071 240197 597352 889265 402889 298938 997740 477420 789218 392306 173075 329884 322212 892767 587806 214941 604684 230439 914596 545985 735338 11877 1106 377674 978533 61413 529829 324593 668404 885483 362994 513505 900198 542765 965791 978365 619867 297877 67879 416662 373832 29696 821146 954678 132983 70337 290138 998872 191300 897246 279007 121005 794018 961170 527604 574744 24916 985546 297976 599475 939828 45544 309022
514 9733 9691
1000000 999905 999946 999960 999996 999905 999976 999904 999960 999960 999950 999993 999988 999968 999941 999903 999925 999937 999926 999956 999975 999909 999912 999903 999972 999986 999985 999931 999914 999961 999959 999948 999992 999940 999995 999958 999918 999917 999915 999955 999931 999988 999958 999931 999928 999975 999928 999988 999992 999958 999940 999958 999996 999963 999989 999958 999983 999916 999970 999930 999989 999938 1000000 999925 999962 999955 999919 999917 999994 999985 999921 999934 999977 999916 999960 999934 999950 999991 999970 999930 999902 999931 999925 999922 999984 999921 999915 999918 999985 999979 999998 999945 999919 999936 999931 999987 999924 999995 999957 999949 999986 999998 999969 999935 999938 999902 999909 999942 999995 999967 999911 999996 999959 999906 999937 999910 999915 999965 999901 999983 999985 999975 999913 999990 999948 999939 999970 999998 999911 999920 999990 999965 999980 999940 999932 999972 999937 999951 999993 999923 999903 999932 999939 999968 999954 999981 999924 999978 999905 999945 999989 999977 999936 999927 999914 999991 999939 999974 999903 999981 999942 999913 999994 999962 999993 999947 999942 999938 999972 999938 999919 999932 999990 999918 999997 999992 999920 999953 999937 999916 999913 999902 999933 999999 999953 999928 999962 999940 999957 999923 999919 999970 999991 999968 999913 1000000 999961 999950 999970 999912 999901 999910 999953 999983 999979 999904 999990 999980 999969 999934 999961 999930 999944 999972 999906 999930 999930 999946 999973 999927 999926 999932 999933 999931 999987 999959 999930 999931 999987 999979 999909 999999 999997 999914 999933 999905 999936 999992 999922 999914 999940 999951 999908 999958 999978 999926 999911 999937 999977 999961 999906 999902 999961 999961 999966 999909 999990 999982 999982 999962 999972 999943 999903 999939 999939 999915 999952 999969 999986 999960 999961 999908 999954 999973 999957 999945 999918 999906 999942 999922 999951 999984 999962 999998 999967 999928 999914 999931 999976 999919 999913 999979 999920 999929 999988 999908 999980 999945 999933 999929 999944 999965 999955 999907 999967 999916 999966 999966 999962 999970 999969 999903 999968 999996 999953 999967 999916 999967 999953 999903 999912 999964 999963 999976 999955 999943 999908 999994 999924 999911 999950 999983 999977 999942 999911 999967 999995 999936 999957 999935 999912 999958 999905 999965 999915 999945 999999 999928 999932 999959 999935 999999 999975 999994 999987 999905 999904 999915 999990 999948 999911 999942 999957 999925 999980 999937 999962 999983 999930 999940 999987 999965 999997 999964 999921 999904 999965 999999 999947 999991 999967 999912 999999 999952 999917 999965 999986 1000000 999981 999978 999927 999971 999941 999930 999991 999995 999930 999916 999975 999921 999975 999905 999927 999912 999972 999926 999947 999903 999918 999901 999963 999942 999920 999949 999902 999985 999942 999989 999936 999915 999952 999927 999907 999947 999937 999923 999971 999971 999966 999936 999996 999943 999943 999959 999922 999972 999967 999929 999905 999923 999978 999988 999925 999998 999944 999999 999924 999988 999945 999901 999957 999943 999909 999905 999913 999964 999928 999985 999915 999923 999930 999980 999987 999977 999997 999938 999908 999952 999984 999957 999957 999940 999940 999964 999909 999982 999987 999994 999969 999919 999975 999986 999916 999976 999926 999995 999906 999933 999982 999903 999989 999948 999904 999909 999941 999925 999923 999989 999917 999981 999936 999966 999979 999958 999993 999917 999977 999943 999928 999934 999992 999999 999932 999948
514 9991 9990
4 55 44 70 99 85 16 31 38 1 54 22 58 19 28 96 41 36 65 88 1 47 94 76 38 97 22 36 78 6 72 4 77 4 32 76 87 63 48 66 59 88 73 2 70 21 50 93 52 69 76 1 37 62 29 32 68 29 19 58 11 77 50 32 2 28 64 9 46 26 15 57 93 14 97 88 10 62 55 11 67 83 75 46 13 25 46 26 38 101 62 53 100 100 43 78 91 32 83 79 83 97 55 88 96 33 67 16 22 25 83 11 63 28 69 92 40 65 2 22 3 94 19 88 76 52 45 61 22 88 55 37 73 76 82 64 11 93 3 56 41 73 74 39 51 90 83 47 53 11 35 57 51 33 81 21 47 47 28 100 7 27 96 15 73 19 20 57 6 87 59 73 34 82 93 29 97 49 82 53 42 69 57 16 42 23 77 38 77 89 33 58 93 43 82 50 69 61 18 7 71 11 79 27 38 84 16 46 11 13 99 91 9 16 71 3 26 69 25 65 59 77 54 16 37 45 69 15 48 90 86 86 67 93 78 89 94 18 48 5 2 7 8 29 76 38 20 37 96 73 94 25 66 98 59 11 98 74 82 20 33 67 57 22 63 26 26 23 63 69 37 65 42 2 96 72 18 93 81 76 8 92 54 36 16 89 69 22 86 11 53 95 37 29 70 75 17 36 70 97 9 12 30 75 30 91 98 91 76 71 70 84 19 48 23 94 1 67 57 5 44 5 88 97 25 65 41 23 2 15 97 67 15 10 54 61 67 11 83 19 30 69 85 13 43 1 6 6 1 45 33 20 13 55 69 84 39 77 61 96 7 72 72 16 53 51 29 77 23 18 47 16 73 29 77 82 80 53 39 30 21 44 24 78 67 11 100 57 77 41 70 45 44 39 4 60 59 87 44 96 96 24 19 72 31 71 42 71 49 37 69 19 64 21 66 22 22 8 4 73 52 56 63 101 54 76 25 37 43 48 60 91 94 79 74 53 25 61 72 22 70 21 46 44 25 21 9 85 46 85 45 65 22 14 26 73 28 48 20 48 98 2 86 50 9 19 28 11 27 11 97 39 69 40 87 6 2 50 68 1 51 50 51 17 68 27 32 56 2 4 82 67 35 54 93 34 22 44 59 71 59 27 7 88 65 72 86 92 5 56 13 66 90 49
514 9985 1231
98 77 46 56 36 41 98 17 81 4 39 84 87 57 25 19 85 57 26 10 56 70 46 46 94 35 83 4 65 100 2 62 90 81 78 58 86 45 1 39 41 78 31 53 31 38 96 67 95 43 16 90 7 14 74 66 28 70 59 5 66 75 28 28 37 87 53 80 43 36 77 6 16 75 66 69 38 9 85 39 68 35 60 80 91 12 35 61 6 76 100 71 41 93 37 65 47 101 89 44 82 79 88 29 16 40 68 66 70 43 12 39 40 21 50 51 22 60 75 4 51 72 72 23 20 82 50 35 60 20 75 101 82 17 6 93 53 60 42 26 17 61 31 21 9 87 89 90 31 68 69 35 6 82 52 91 61 55 7 47 47 9 33 99 73 22 13 28 90 80 51 30 69 99 92 4 45 1 66 48 5 43 67 48 77 51 57 2 72 70 57 43 48 100 70 9 100 97 28 31 73 83 87 46 4 3 15 6 71 66 39 60 50 70 3 53 92 24 3 62 36 30 31 57 35 19 93 38 76 23 94 27 37 14 39 91 48 77 56 19 62 7 76 49 83 70 35 19 87 77 39 92 27 71 83 59 21 21 74 78 26 60 23 99 89 63 95 43 55 72 56 14 17 43 52 76 27 14 27 36 72 3 8 24 31 21 77 1 73 14 69 8 28 30 76 91 56 76 90 69 86 84 72 63 59 31 34 16 74 48 6 25 77 100 5 58 86 96 6 7 38 82 14 45 36 15 80 81 70 4 40 9 82 70 23 78 84 21 100 84 58 51 37 70 10 15 73 43 85 23 39 11 51 55 4 71 24 71 31 80 22 28 9 98 82 4 61 91 75 4 45 24 66 15 96 21 5 38 56 82 94 58 45 53 90 59 76 2 26 29 37 2 100 26 8 42 95 92 29 55 43 92 72 99 26 44 49 31 98 3 60 10 42 87 13 89 85 30 75 20 14 34 78 50 43 48 82 50 14 2 90 5 99 74 23 31 53 57 76 83 91 99 36 94 57 70 21 91 91 100 40 95 76 78 76 16 68 52 10 56 21 90 32 23 6 4 78 87 53 31 16 81 20 52 18 42 3 4 97 38 61 44 65 74 27 54 38 54 33 11 14 90 82 33 62 12 66 6 20 10 11 7 70 44 17 71 20 2 5 59 99 52 25 77
514 9733 9732
999963 999913 999920 999957 999989 999962 999909 999978 1000000 999989 999971 999971 999938 999922 999981 999907 999945 999970 999999 999998 999950 999966 999909 999981 999920 999939 999960 999928 999993 999974 999902 999990 999985 999936 999928 999913 999988 999901 999925 999949 999931 999990 999926 999912 999952 999985 999922 999973 999977 999917 999906 999968 999971 999913 999984 999902 999909 999989 999958 999955 999988 999961 999930 999942 999971 999995 999922 999925 999955 999988 999947 999916 999902 999924 999956 999926 999953 999992 999994 999912 999996 999977 999983 999983 999967 999905 999970 999960 999901 999995 999907 999939 999963 999977 999906 999911 999959 999992 999938 999931 999948 999912 999989 999925 999906 999946 999928 999912 999949 999988 999901 999984 999901 999958 999967 999974 999937 999925 999927 999991 999975 999926 999931 999908 999932 999905 999996 999985 999978 999989 999906 999981 999904 999960 999940 999934 999950 999902 999939 999967 999992 999961 999995 999904 999934 999999 999914 999994 999919 999906 999938 999998 999936 999981 999930 999994 999992 999919 999981 999904 999956 999966 999984 999935 999962 999910 999911 999932 999993 999974 999901 999999 999969 999967 999931 999989 999973 999922 999936 999908 999995 999932 999964 999966 999960 999938 999979 999976 999967 999949 999941 999931 999936 999961 999945 999999 999956 999952 999984 999978 999974 999970 999942 999944 999925 999989 999910 999947 999923 999993 999948 999985 999929 999958 999937 999939 999922 999919 999903 999919 999936 999991 999959 999999 999912 999908 999961 999995 999956 999971 999937 999994 999934 999968 999974 999945 999908 999984 999944 999933 999987 999956 999944 999904 999903 999950 999944 999981 999940 999933 999994 999927 999988 999931 999956 999936 999922 999992 999924 999912 999955 999943 999948 999970 999972 999918 1000000 999999 999977 999940 999953 999928 999971 999997 999997 999903 999923 999922 999943 999959 999968 999955 999928 999963 999991 999939 999972 999942 999963 999937 999905 999994 1000000 999959 999997 999970 999914 999949 999925 999942 999998 999944 999940 999984 999977 999950 999926 999912 999994 999962 999984 999903 999911 999947 999996 999977 999905 999936 999907 999920 999918 999959 999953 999948 999925 999912 999918 999980 999998 999981 999953 999942 999929 999906 999946 999977 999986 999936 999906 999948 999992 999972 999967 999935 999992 999979 999995 999931 999945 999918 999989 999971 999952 999981 999912 999924 999968 999926 999925 999986 999917 999977 999919 999914 999926 999992 999987 999991 999969 999907 999912 999914 999952 999954 999990 999927 999973 999956 999965 999961 999928 999992 999993 999915 999937 999988 999957 999992 999913 999953 999951 999957 999971 999971 999928 999940 999959 999923 999954 999917 999932 999910 999961 999908 999971 999921 999999 999997 999936 999941 999969 999901 999990 999907 999908 999968 999957 999924 999910 999944 999982 999916 999975 999905 999955 999965 999972 999977 999918 999974 999993 999920 999909 999934 999904 999955 999921 999925 999955 999947 999961 999912 999997 999997 999983 999951 999981 999973 999940 999941 999981 999942 999901 999908 999971 999930 999974 999979 999911 999944 999984 999911 999982 999960 999973 999915 999975 999915 999966 999974 999950 999922 999954 999967 999995 999970 999906 999976 999994 999915 999993 999962 999903 999936 999908 999981 999929 999947 999924 999923 999909 999928 999933 999956 999914 999992 999903 999929 1000000 999944 999918 999963 999911 999954 999977 999975 999996 999968 999904 999910 999961 999950 999925 999972
514 10000 0
68 76 26 12 11 83 43 86 98 22 23 54 93 97 100 22 22 21 23 90 43 101 45 41 8 52 70 17 58 74 70 25 64 17 46 83 29 34 86 71 80 60 76 29 7 67 61 74 100 42 60 97 88 33 11 41 19 5 67 15 89 40 81 50 49 31 21 50 68 44 80 43 99 55 97 57 69 7 34 75 87 60 89 25 27 76 2 23 89 65 73 73 34 18 37 58 69 17 91 64 5 18 46 64 78 54 13 93 85 85 3 76 78 3 51 65 21 26 28 35 13 48 69 10 69 85 71 78 81 94 18 59 64 91 8 18 50 8 78 70 22 14 80 62 97 60 44 62 48 34 87 35 58 95 54 55 52 77 77 62 60 48 90 95 51 25 16 61 3 71 61 21 11 81 99 37 42 64 19 81 70 15 54 12 50 61 87 50 85 17 1 20 85 97 82 61 91 12 79 100 1 49 64 53 70 41 23 27 30 61 68 83 96 21 21 36 23 9 29 29 80 48 82 65 58 33 17 63 10 3 38 46 56 26 59 44 49 18 8 67 66 14 92 17 77 44 51 67 34 3 34 36 33 41 81 59 15 24 26 39 32 41 24 30 32 27 71 3 65 16 87 12 70 58 25 43 81 15 44 95 82 54 72 59 3 9 47 37 49 66 16 73 19 13 65 61 13 57 53 65 4 75 29 12 53 61 3 8 82 17 48 35 61 20 61 8 63 96 68 69 73 43 76 48 5 73 86 75 84 58 21 58 7 2 13 4 30 73 12 99 66 81 77 28 44 5 28 18 33 51 60 76 26 50 3 20 9 17 30 100 65 98 61 11 26 17 56 59 81 41 2 58 92 50 77 16 87 41 77 39 2 88 92 8 79 32 30 65 97 52 10 27 17 1 89 63 7 76 59 69 68 40 69 48 71 70 97 81 46 62 92 96 59 50 8 22 69 30 23 25 27 6 64 78 4 27 60 66 101 73 12 29 77 66 42 91 27 15 24 71 61 52 19 83 5 7 91 53 89 8 77 69 68 83 34 2 56 71 91 28 23 13 23 82 9 16 100 99 77 89 13 43 28 18 57 10 73 77 66 40 55 12 53 24 10 80 30 17 46 62 63 2 86 66 5 42 85 40 28 20 49 96 94 18 8 15 89 17 11 7 17 41 5 101
514 10000 37
999936 999907 999982 999996 999990 999953 999943 999932 999967 999933 999964 999996 999985 999908 999937 999925 999985 999939 999926 999999 999902 999979 999955 999945 999966 999913 999904 999978 999938 999958 999917 999908 999944 999990 999986 999911 999914 999994 999906 999961 999997 999912 999989 999914 999909 999935 999907 999947 999982 999954 999977 999932 999963 999913 999918 999957 999918 999964 999937 999911 999935 999945 999983 999949 999938 999981 999940 999975 999996 1000000 999975 999927 999922 999939 999997 999952 999976 999947 999957 999942 999938 999962 999915 999902 999975 999939 999939 999965 999944 999948 999993 999944 999907 999922 999964 999910 999995 999977 999965 999951 999925 999990 999944 999989 999958 999951 999940 999940 999930 999932 999937 999934 999941 999902 999903 999977 999953 999986 999959 999973 999957 999936 999995 999930 999970 999947 999960 999944 999903 999993 999925 999944 999932 999974 999983 999993 999913 999964 999901 999980 999942 999913 999988 999998 999978 999967 999987 999997 999966 999973 999917 999915 999989 999906 999972 999976 999912 999976 999998 999963 999921 999971 999992 999930 999931 999978 999929 999977 999958 999906 999938 999937 999949 999904 999986 999975 999966 999901 999941 999905 999938 999910 999951 999957 999972 999920 999931 999928 999933 999987 999975 999962 999963 999913 999949 999993 999956 999914 999930 999989 999982 1000000 999917 999979 999991 999903 999990 999941 999997 999939 999909 999970 999993 999963 999991 999912 999993 999970 999938 999912 999912 999910 999907 999903 999943 999984 999905 999992 999968 999944 999941 999955 999989 999919 999963 999902 999988 999922 999933 999988 999978 999903 999965 999971 999914 999901 999962 999944 999917 999934 999991 999937 999974 999930 999949 999964 999922 999908 999932 999916 999907 999906 999908 999941 999990 999935 999935 999957 999927 999987 999923 999939 999962 999967 999947 999906 999922 999963 999967 999989 999936 999906 999927 999922 999943 999979 999935 999941 999903 999972 999930 999981 999996 999969 999945 999912 999999 999927 999999 999913 999953 999920 999932 999987 999909 999967 999968 999965 999957 999999 999980 999906 999966 999971 999938 999945 999970 999993 999987 999964 999964 999957 999954 999926 999912 999973 999940 999931 999974 999961 999981 999958 999950 999918 999903 999944 999935 999933 1000000 999941 999938 999915 999971 999956 999930 999981 999927 999964 999928 999975 999946 999991 999999 999983 999941 999961 999927 999941 999931 999944 999924 999935 999962 999959 999910 999920 999986 999921 999999 999943 999983 999982 999919 999912 999917 999955 999985 999955 999971 999948 999918 999938 999923 999923 999909 999930 999927 999920 999973 999959 999996 999921 999956 999910 999961 999901 999904 999992 999922 999980 999971 999986 999968 999991 999906 999941 999977 999922 999959 999922 999982 999956 999981 999922 999931 999980 999933 999961 999996 999928 999909 999945 999972 999963 999987 999925 999903 999980 999989 999956 999990 999995 999905 999902 999916 999941 999984 999944 999993 999907 999976 999986 999952 999958 999924 999958 999990 999989 999905 999981 999979 999964 999977 999915 999931 999970 999993 999930 999921 999932 999925 999993 999905 999907 999929 999983 999911 999980 999988 999911 999935 999996 999935 999991 999925 999956 999945 999984 999932 999963 999955 999974 999994 999962 999907 999939 999940 999945 999906 999971 999936 999929 999984 999967 999982 999999 999997 999952 999992 999912 999920 999971 999912 999946 999934 999901 999976 999915 999909 999902 999981 999942 999992 999968
514 10000 9999
604055 801033 931362 363594 677536 455868 2443 851324 40206 356087 97164 748808 369507 382752 855922 410155 143769 582129 100287 788474 110874 631733 379562 695194 261255 216911 784413 301768 907957 559027 744246 133523 841131 784810 415558 113245 851813 664979 271701 576798 268373 918749 196828 211041 403677 133838 101321 99076 440790 838399 164479 515900 356555 930270 512211 257359 443646 639402 284688 555801 63011 728378 306867 16456 93281 316663 185712 718559 3604 586269 547436 751351 513421 828222 193089 377401 305551 846143 230333 913957 453332 188057 545507 274510 704454 997658 829864 551836 544391 427617 975031 388488 796842 290981 550766 782180 130679 110703 185247 186833 489451 247579 908560 405062 849270 811419 751227 169616 800955 138292 76495 348493 559059 723327 81261 998831 438346 948905 498603 794111 113825 493939 62676 714391 537034 149171 171174 77095 450927 350290 244884 638066 684204 432972 190210 164302 462544 707955 132811 786023 146464 290731 295038 943548 826324 747439 562524 252512 151320 269899 735643 537850 425740 248737 670887 335366 176516 736100 557980 434834 82377 876640 824461 628674 42710 813808 245888 317324 103452 662789 486704 631996 260542 311334 363018 450994 600022 192747 794416 744671 643566 850241 190649 482188 288648 378921 683182 682323 917463 404985 889999 759972 780803 614873 980108 86017 325161 239687 41804 974146 733209 482772 656426 389457 625174 189604 902899 219055 173913 329714 600489 555310 733582 466762 306243 729909 74646 134989 95723 8000 169155 945457 266174 69789 25439 762750 397072 468207 19110 381970 300389 615663 134791 862045 532665 238374 966183 60518 6393 999604 343774 316100 625992 909964 737912 9062 248507 140022 493940 105548 242845 67020 260937 870604 898092 625341 928540 339726 873305 702605 401164 155791 311564 642835 945638 865634 635166 860665 863857 753706 70557 624448 50787 389602 854348 888634 958698 737622 718240 106318 336741 57511 895300 79351 474919 519242 110102 54661 711163 674633 385000 21914 700699 166977 55936 343918 563447 187682 661976 436300 814644 211506 797854 972627 992426 482571 156213 684086 745254 349336 139698 36925 960678 95836 321889 541441 558559 146283 855614 200691 579898 819695 828412 902614 743443 265125 950593 21569 76537 85853 682023 839838 464369 939773 683644 330734 659059 640063 64195 667266 366954 490030 664562 227331 188728 245613 358898 964203 793969 832304 524515 724234 177819 972673 532309 286466 885940 478076 365391 996811 817004 319828 36811 91376 731495 397260 979512 770447 973564 503422 481719 256349 398521 114775 40799 925792 923740 128217 242361 811316 834203 832216 812037 562631 871453 993150 618355 359005 761215 975239 168234 637836 455121 630917 278917 32704 807062 831645 500625 221880 586183 826761 392208 789576 142096 742292 645497 944149 377937 994144 775798 593692 506655 1187 751524 24107 787457 562470 771799 611111 533171 108165 954451 200132 64806 36978 139092 942096 449662 185266 596871 113193 550867 800606 375374 492417 688817 229348 710272 690593 261527 141059 551719 549604 271676 77778 652929 980471 648837 282041 823359 970144 802064 144567 173833 277300 476205 246555 813432 112223 432224 771338 698074 50784 292448 662655 287538 961290 857178 643783 837621 493316 172015 175937 49934 415370 571314 367972 225883 805482 33131 898744 749229 926984 699031 239387 323404 641243 86949 535678 65457 79533 58554 208486 764875 753759 733806 378028 966586 872546 705550 326013 259159 793279 45080 138266 604778 396496 476737 934041 296690 272645 855986 755810
3 5 0
1 2 2
2 8 1
2 3
2 7 2
2 3
